intensities,wavelengths
-6.521085549147677,247.76552
-8.585241601300787,247.8419916626033
-23.03337287566193,247.9184570784132
-31.288705468345842,247.9949162474297
-24.065318656703653,248.0713691696528
-2.392669062168957,248.1478158450825
-24.065318656703653,248.22425627371882
-25.09725605566397,248.30069045556172
-31.288705468345842,248.3771183906112
-16.841521136145925,248.4535400788673
-16.841521136145925,248.52995552033002
-4.456894748938863,248.6063647149993
6.896781910754218,248.68276766287522
-17.873517595177713,248.7591643639577
2.7680486829864868,248.8355548182468
-8.585241601300787,248.9119390257425
17.21924078845221,248.9883169864448
8.96120190285232,249.0646887003537
38.89937498362248,249.1410541674692
21.34847738673275,249.2174133877913
14.122408625361851,249.29376636132
30.639795499438957,249.37011308805532
45.09445353355337,249.44645356799722
39.93186451724713,249.5227878011457
44.06191683591289,249.5991157875008
57.48563702209385,249.6754375270625
53.355089424062896,249.7517530198308
58.51829799212249,249.82806226580573
64.71446703684788,249.9043652649872
83.30508782096776,249.9806620173753
101.8989349835921,250.05695252297002
76.07502245203581,250.1332367817713
76.07502245203581,250.20951479377922
84.33799404387267,250.2857865589937
88.4697187688356,250.3620520774148
74.00937854247957,250.43831134904252
76.07502245203581,250.51456437387682
81.23930524180564,250.59081115191773
98.79973349495822,250.6670516831652
58.51829799212249,250.7432859676193
77.10785921210135,250.81951400528
70.91098651751001,250.8957357961473
76.07502245203581,250.9719513402212
89.50267496736247,251.0481606375017
87.43677258895443,251.1243636879888
78.14070585884801,251.2005604916825
77.10785921210135,251.2767510485828
70.91098651751001,251.35293535868973
102.9320224627643,251.42911342200318
88.4697187688356,251.5052852385233
89.50267496736247,251.58145080825
89.50267496736247,251.6576101311833
78.14070585884801,251.73376320732322
78.14070585884801,251.8099100366697
81.23930524180564,251.8860506192228
111.19708954670112,251.96218495498252
72.97657136810557,252.03831304394882
77.10785921210135,252.11443488612173
89.50267496736247,252.1905504815012
68.84544091354564,252.2666598300873
77.10785921210135,252.34276293188
91.56861746686707,252.41885978687932
72.97657136810557,252.49495039508523
82.27219155761088,252.5710347564977
77.10785921210135,252.6471128711168
64.71446703684788,252.7231847389425
67.81268279723598,252.79925035997482
79.17356240456859,252.87530973421372
72.97657136810557,252.9513628616592
74.00937854247957,253.0274097423113
63.68174793639531,253.10345037617
76.07502245203581,253.1794847632353
77.10785921210135,253.25551290350722
63.68174793639531,253.3315347969857
79.17356240456859,253.4075504436708
56.45298569380007,253.48355984356252
62.64903855737866,253.55956299666082
65.74719587180803,253.63555990296572
65.74719587180803,253.71155056247719
83.30508782096776,253.7875349751953
79.17356240456859,253.86351314112
68.84544091354564,253.93948506025131
86.40383641601709,254.01545073258922
75.04219556629917,254.0914101581337
71.94377403064603,254.1673633368848
58.51829799212249,254.24331026884252
74.00937854247957,254.3192509540068
69.87820881604678,254.39518539237773
83.30508782096776,254.4711135839552
76.07502245203581,254.54703552873931
75.04219556629917,254.62295122673
64.71446703684788,254.6988606779273
71.94377403064603,254.77476388233123
75.04219556629917,254.8506608399417
76.07502245203581,254.9265515507588
85.370910238263,255.00243601478252
78.14070585884801,255.07831423201281
86.40383641601709,255.15418620244972
64.71446703684788,255.2300519260932
72.97657136810557,255.3059114029433
72.97657136810557,255.38176463300002
70.91098651751001,255.4576116162633
78.14070585884801,255.5334523527332
80.20642886149645,255.6092868424097
66.77993445428704,255.6851150852928
68.84544091354564,255.7609370813825
62.64903855737866,255.83675283067882
87.43677258895443,255.9125623331817
84.33799404387267,255.9883655888912
82.27219155761088,256.06416259780735
89.50267496736247,256.13995335993
70.91098651751001,256.21573787525926
79.17356240456859,256.2915161437952
75.04219556629917,256.3672881655377
66.77993445428704,256.4430539404868
84.33799404387267,256.5188134686425
86.40383641601709,256.5945667500048
79.17356240456859,256.6703137845737
78.14070585884801,256.74605457234924
91.56861746686707,256.8217891133313
77.10785921210135,256.89751740752
66.77993445428704,256.9732394549153
57.48563702209385,257.04895525551717
70.91098651751001,257.1246648093257
79.17356240456859,257.2003681163408
82.27219155761088,257.2760651765625
79.17356240456859,257.3517559899908
90.53564119617812,257.4274405566257
85.370910238263,257.5031188764672
89.50267496736247,257.57879094951534
81.23930524180564,257.65445677577003
94.66760664514054,257.7301163552313
75.04219556629917,257.8057696878992
78.14070585884801,257.8814167737737
66.77993445428704,257.9570576128548
76.07502245203581,258.0326922051425
79.17356240456859,258.1083205506368
81.23930524180564,258.1839426493377
74.00937854247957,258.25955850124524
77.10785921210135,258.33516810635933
85.370910238263,258.41077146468
113.26345872087032,258.48636857620727
88.4697187688356,258.56195944094117
78.14070585884801,258.6375440588817
81.23930524180564,258.7131224300288
95.70062319799732,258.7886945543825
78.14070585884801,258.8642604319428
82.27219155761088,258.9398200627097
77.10785921210135,259.0153734466832
69.87820881604678,259.09092058386335
81.23930524180564,259.16646147425
86.40383641601709,259.2419961178433
84.33799404387267,259.3175245146432
84.33799404387267,259.3930466646497
84.33799404387267,259.4685625678628
75.04219556629917,259.5440722242825
68.84544091354564,259.6195756339088
91.56861746686707,259.6950727967417
95.70062319799732,259.7705637127812
111.19708954670112,259.84604838202733
114.29665872585775,259.92152680448004
89.50267496736247,259.99699898013927
97.76668661170108,260.0724649090052
62.64903855737866,260.1479245910777
96.73364984977279,260.2233780263568
74.00937854247957,260.2988252148425
77.10785921210135,260.3742661565348
93.63460017991007,260.4497008514337
94.66760664514054,260.52512929953923
90.53564119617812,260.60055150085134
88.4697187688356,260.67596745537
85.370910238263,260.7513771630953
78.14070585884801,260.8267806240272
80.20642886149645,260.9021778381657
76.07502245203581,260.9775688055108
79.17356240456859,261.0529535260625
81.23930524180564,261.12833199982083
85.370910238263,261.2037042267857
65.74719587180803,261.2790702069572
72.97657136810557,261.3544299403353
89.50267496736247,261.42978342692004
80.20642886149645,261.5051306667113
97.76668661170108,261.5804716597092
93.63460017991007,261.6558064059137
102.9320224627643,261.7311349053248
77.10785921210135,261.80645715794253
64.71446703684788,261.8817731637668
91.56861746686707,261.9570829227977
69.87820881604678,262.0323864350352
100.86585766987277,262.10768370047936
77.10785921210135,262.18297471913
79.17356240456859,262.2582594909873
99.83279051066214,262.3335380160512
114.29665872585775,262.4088102943217
106.03134600157284,262.4840763257988
97.76668661170108,262.5593361104825
80.20642886149645,262.6345896483728
98.79973349495822,262.7098369394697
102.9320224627643,262.78507798377325
87.43677258895443,262.8603127812833
82.27219155761088,262.935541332
90.53564119617812,263.0107636359233
113.26345872087032,263.0859796930532
93.63460017991007,263.1611895033897
79.17356240456859,263.2363930669328
90.53564119617812,263.3115903836825
72.97657136810557,263.38678145363883
94.66760664514054,263.4619662768017
77.10785921210135,263.53714485317124
95.70062319799732,263.61231718274735
93.63460017991007,263.68748326553
69.87820881604678,263.7626431015193
60.58364891106444,263.8377966907152
89.50267496736247,263.9129440331177
88.4697187688356,263.9880851287268
76.07502245203581,264.06321997754253
77.10785921210135,264.1383485795648
83.30508782096776,264.21347093479375
76.07502245203581,264.2885870432292
61.61633888666588,264.36369690487135
95.70062319799732,264.43880051972
74.00937854247957,264.5138978877753
74.00937854247957,264.58898900903716
65.74719587180803,264.6640738835057
87.43677258895443,264.7391525111808
67.81268279723598,264.8142248920625
75.04219556629917,264.88929102615083
77.10785921210135,264.96435091344574
106.03134600157284,265.03940455394724
79.17356240456859,265.1144519476553
67.81268279723598,265.18949309457
77.10785921210135,265.26452799469126
96.73364984977279,265.3395566480192
85.370910238263,265.4145790545537
74.00937854247957,265.4895952142948
76.07502245203581,265.5646051272425
77.10785921210135,265.6396087933968
79.17356240456859,265.7146062127577
85.370910238263,265.78959738532524
76.07502245203581,265.86458231109935
75.04219556629917,265.93956099008005
72.97657136810557,266.0145334222673
80.20642886149645,266.0894996076612
78.14070585884801,266.1644595462617
77.10785921210135,266.2394132380688
78.14070585884801,266.3143606830825
76.07502245203581,266.3893018813028
68.84544091354564,266.46423683272974
89.50267496736247,266.5391655373632
83.30508782096776,266.6140879952033
72.97657136810557,266.68900420625005
96.73364984977279,266.7639141705033
79.17356240456859,266.8388178879632
95.70062319799732,266.9137153586297
97.76668661170108,266.9886065825028
77.10785921210135,267.06349155958253
82.27219155761088,267.1383702898688
81.23930524180564,267.21324277336174
78.14070585884801,267.28810901006125
89.50267496736247,267.36296899996734
89.50267496736247,267.43782274308006
72.97657136810557,267.5126702393993
72.97657136810557,267.5875114889252
74.00937854247957,267.6623464916577
80.20642886149645,267.7371752475968
84.33799404387267,267.8119977567425
85.370910238263,267.8868140190948
75.04219556629917,267.9616240346537
72.97657136810557,268.0364278034192
84.33799404387267,268.11122532539133
84.33799404387267,268.18601660057004
76.07502245203581,268.2608016289553
75.04219556629917,268.3355804105472
88.4697187688356,268.4103529453457
80.20642886149645,268.4851192333508
84.33799404387267,268.5598792745625
78.14070585884801,268.6346330689808
87.43677258895443,268.7093806166057
79.17356240456859,268.78412191743723
84.33799404387267,268.85885697147535
89.50267496736247,268.93358577872004
72.97657136810557,269.00830833917126
63.68174793639531,269.0830246528292
88.4697187688356,269.1577347196937
94.66760664514054,269.2324385397648
64.71446703684788,269.30713611304253
90.53564119617812,269.38182743952683
87.43677258895443,269.4565125192177
98.79973349495822,269.53119135211523
77.10785921210135,269.60586393821933
89.50267496736247,269.68053027753
66.77993445428704,269.7551903700473
91.56861746686707,269.8298442157712
88.4697187688356,269.9044918147017
100.86585766987277,269.9791331668388
81.23930524180564,270.0537682721825
90.53564119617812,270.1283971307328
92.60160379095524,270.20301974248974
69.87820881604678,270.27763610745325
85.370910238263,270.35224622562333
89.50267496736247,270.42685009700006
81.23930524180564,270.5014477215833
80.20642886149645,270.5760390993732
95.70062319799732,270.6506242303697
84.33799404387267,270.7252031145728
85.370910238263,270.7997757519825
68.84544091354564,270.87434214259883
75.04219556629917,270.94890228642174
78.14070585884801,271.02345618345123
86.40383641601709,271.09800383368736
106.03134600157284,271.17254523713
83.30508782096776,271.2470803937793
93.63460017991007,271.32160930363517
92.60160379095524,271.3961319666977
90.53564119617812,271.47064838296683
93.63460017991007,271.5451585524425
83.30508782096776,271.6196624751248
92.60160379095524,271.6941601510137
96.73364984977279,271.76865158010924
87.43677258895443,271.84313676241135
84.33799404387267,271.91761569792004
85.370910238263,271.99208838663526
70.91098651751001,272.0665548285572
91.56861746686707,272.14101502368567
100.86585766987277,272.2154689720208
88.4697187688356,272.2899166735625
80.20642886149645,272.3643581283108
80.20642886149645,272.43879333626575
106.03134600157284,272.5132222974272
83.30508782096776,272.5876450117953
102.9320224627643,272.66206147937004
99.83279051066214,272.7364717001513
78.14070585884801,272.8108756741392
85.370910238263,272.8852734013337
84.33799404387267,272.9596648817348
89.50267496736247,273.0340501153425
91.56861746686707,273.10842910215683
93.63460017991007,273.1828018421777
93.63460017991007,273.2571683354052
97.76668661170108,273.33152858183934
96.73364984977279,273.40588258148006
95.70062319799732,273.4802303343273
86.40383641601709,273.5545718403812
98.79973349495822,273.6289070996417
94.66760664514054,273.7032361121088
95.70062319799732,273.7775588777825
111.19708954670112,273.8518753966628
107.06447425084296,273.9261856687497
99.83279051066214,274.0004896940432
108.09761271942111,274.07478747254333
107.06447425084296,274.14907900425004
101.8989349835921,274.22336428916327
111.19708954670112,274.2976433272832
87.43677258895443,274.3719161186097
108.09761271942111,274.4461826631428
97.76668661170108,274.5204429608825
134.9628334320555,274.5946970118288
117.39632053532335,274.6689448159817
111.19708954670112,274.74318637334125
118.42956177045095,274.81742168390736
112.23026899792218,274.89165074768005
128.7625440493657,274.96587356465926
115.32986902313972,275.0400901348452
101.8989349835921,275.1143004582377
114.29665872585775,275.1885045348368
103.96512011827568,275.2627023646425
122.56263013785413,275.3368939476548
107.06447425084296,275.41107928387373
128.7625440493657,275.48525837329925
122.56263013785413,275.55943121593134
94.66760664514054,275.63359781177
86.40383641601709,275.7077581608153
99.83279051066214,275.78191226306717
106.03134600157284,275.8560601185257
94.66760664514054,275.9302017271908
91.56861746686707,276.0043370890625
77.10785921210135,276.0784662041408
89.50267496736247,276.1525890724257
97.76668661170108,276.2267056939172
87.43677258895443,276.30081606861535
82.27219155761088,276.37492019652
98.79973349495822,276.4490180776313
83.30508782096776,276.5231097119492
101.8989349835921,276.5971950994737
108.09761271942111,276.6712742402048
103.96512011827568,276.7453471341425
98.79973349495822,276.8194137812868
89.50267496736247,276.8934741816377
90.53564119617812,276.9675283351952
100.86585766987277,277.0415762419593
93.63460017991007,277.11561790193
96.73364984977279,277.1896533151073
113.26345872087032,277.2636824814912
98.79973349495822,277.3377054010817
106.03134600157284,277.4117220738788
83.30508782096776,277.4857324998825
109.1307614179057,277.5597366790928
109.1307614179057,277.63373461150974
100.86585766987277,277.7077262971332
115.32986902313972,277.7817117359633
107.06447425084296,277.85569092800006
83.30508782096776,277.92966387324327
106.03134600157284,278.0036305716932
107.06447425084296,278.07759102334967
95.70062319799732,278.1515452282128
114.29665872585775,278.2254931862825
114.29665872585775,278.2994348975588
108.09761271942111,278.3733703620417
118.42956177045095,278.44729957973124
103.96512011827568,278.52122255062733
118.42956177045095,278.59513927473006
94.66760664514054,278.66904975203926
111.19708954670112,278.7429539825552
116.36308962291447,278.8168519662777
139.0965692739122,278.8907437032068
159.76778463800565,278.9646291933425
185.6128218832471,279.0385084366848
195.95273233303877,279.11238143323374
188.71468063659805,279.18624818298923
195.95273233303877,279.2601086859513
249.73800114640636,279.33396294212
343.9350122129424,279.40781095149526
385.36982306964563,279.4816527140772
348.07768237960295,279.5554882298657
290.09673002160423,279.6293174988608
251.80726485686105,279.7031405210625
254.9112442446576,279.7769572964708
230.08221999907627,279.8507678250857
221.80730159790886,279.92457210690725
208.3620678323339,279.9983701419353
234.2199453707894,280.07216193017
309.7648727468104,280.14594747161135
333.57912653565285,280.2197267662592
277.67684049570374,280.2934998141137
186.64676392637537,280.3672666151748
163.90253867400565,280.4410271694425
124.62922651590127,280.5147814769168
118.42956177045095,280.5885295375977
116.36308962291447,280.66227135148523
107.06447425084296,280.73600691857933
124.62922651590127,280.80973623888
109.1307614179057,280.8834593123873
108.09761271942111,280.9571761391012
102.9320224627643,281.0308867190217
83.30508782096776,281.1045910521488
98.79973349495822,281.1782891384825
109.1307614179057,281.2519809780228
102.9320224627643,281.3256665707697
97.76668661170108,281.39934591672323
89.50267496736247,281.4730190158833
94.66760664514054,281.54668586825005
93.63460017991007,281.62034647382336
102.9320224627643,281.6940008326032
100.86585766987277,281.7676489445897
103.96512011827568,281.8412908097828
94.66760664514054,281.9149264281825
94.66760664514054,281.9885557997888
101.8989349835921,282.0621789246017
102.9320224627643,282.1357958026212
99.83279051066214,282.20940643384733
96.73364984977279,282.28301081828005
89.50267496736247,282.3566089559193
108.09761271942111,282.4302008467652
103.96512011827568,282.5037864908177
100.86585766987277,282.5773658880768
102.9320224627643,282.6509390385425
80.20642886149645,282.7245059422148
87.43677258895443,282.7980665990937
102.9320224627643,282.87162100917925
94.66760664514054,282.9451691724713
84.33799404387267,283.01871108897
81.23930524180564,283.09224675867534
101.8989349835921,283.1657761815872
107.06447425084296,283.2392993577057
101.8989349835921,283.3128162870308
82.27219155761088,283.3863269695625
87.43677258895443,283.4598314053008
86.40383641601709,283.53332959424574
107.06447425084296,283.6068215363972
101.8989349835921,283.6803072317553
95.70062319799732,283.75378668032005
98.79973349495822,283.8272598820913
111.19708954670112,283.9007268370692
101.8989349835921,283.9741875452537
101.8989349835921,284.0476420066448
103.96512011827568,284.1210902212425
106.03134600157284,284.1945321890468
93.63460017991007,284.26796791005773
98.79973349495822,284.34139738427524
84.33799404387267,284.4148206116993
95.70062319799732,284.48823759233005
90.53564119617812,284.56164832616736
93.63460017991007,284.6350528132112
97.76668661170108,284.7084510534617
111.19708954670112,284.7818430469188
90.53564119617812,284.8552287935825
95.70062319799732,284.92860829345284
129.79589948379717,285.0019815465297
159.76778463800565,285.07534855281324
158.73412286861372,285.1487093123033
163.90253867400565,285.222063825
138.0631195535493,285.2954120909033
126.69586446079343,285.3687541100132
100.86585766987277,285.4420898823297
89.50267496736247,285.5154194078528
101.8989349835921,285.5887426865825
100.86585766987277,285.66205971851883
100.86585766987277,285.7353705036617
99.83279051066214,285.8086750420112
100.86585766987277,285.8819733335673
89.50267496736247,285.95526537833
85.370910238263,286.02855117629935
85.370910238263,286.1018307274752
112.23026899792218,286.1751040318577
87.43677258895443,286.2483710894468
91.56861746686707,286.3216319002425
95.70062319799732,286.3948864642448
94.66760664514054,286.4681347814537
82.27219155761088,286.54137685186925
104.99822796095486,286.61461267549134
99.83279051066214,286.68784225232
91.56861746686707,286.7610655823553
107.06447425084296,286.8342826655972
97.76668661170108,286.90749350204567
106.03134600157284,286.9806980917008
93.63460017991007,287.0538964345625
91.56861746686707,287.12708853063083
66.77993445428704,287.2002743799057
102.9320224627643,287.2734539823872
108.09761271942111,287.34662733807534
106.03134600157284,287.41979444697006
84.33799404387267,287.49295530907136
97.76668661170108,287.5661099243792
99.83279051066214,287.6392582928937
97.76668661170108,287.7124004146148
93.63460017991007,287.7855362895425
111.19708954670112,287.85866591767683
122.56263013785413,287.93178929901774
144.26397587429636,288.0049064335652
163.90253867400565,288.07801732131935
160.80145709550777,288.15112196228006
137.0296803457699,288.2242203564473
129.79589948379717,288.2973125038212
112.23026899792218,288.37039840440167
122.56263013785413,288.4434780581888
108.09761271942111,288.5165514651825
94.66760664514054,288.5896186253828
96.73364984977279,288.66267953878975
95.70062319799732,288.7357342054032
107.06447425084296,288.80878262522333
111.19708954670112,288.88182479825
93.63460017991007,288.95486072448335
91.56861746686707,289.0278904039232
110.1639203568378,289.1009138365697
95.70062319799732,289.1739310224228
94.66760664514054,289.2469419614825
100.86585766987277,289.3199466537488
97.76668661170108,289.3929450992217
85.370910238263,289.46593729790123
82.27219155761088,289.53892324978733
93.63460017991007,289.61190295488
99.83279051066214,289.68487641317927
89.50267496736247,289.75784362468517
96.73364984977279,289.8308045893977
87.43677258895443,289.9037593073168
96.73364984977279,289.9767077784425
91.56861746686707,290.0496500027748
93.63460017991007,290.1225859803137
93.63460017991007,290.1955157110592
79.17356240456859,290.26843919501135
91.56861746686707,290.34135643217
94.66760664514054,290.4142674225353
93.63460017991007,290.4871721661072
84.33799404387267,290.5600706628857
76.07502245203581,290.6329629128708
112.23026899792218,290.7058489160625
85.370910238263,290.77872867246083
84.33799404387267,290.85160218206573
84.33799404387267,290.9244694448772
95.70062319799732,290.99733046089534
98.79973349495822,291.07018523012005
98.79973349495822,291.1430337525513
95.70062319799732,291.2158760281892
83.30508782096776,291.2887120570337
70.91098651751001,291.3615418390848
94.66760664514054,291.4343653743425
83.30508782096776,291.5071826628068
87.43677258895443,291.5799937044777
87.43677258895443,291.65279849935524
92.60160379095524,291.72559704743935
76.07502245203581,291.79838934873004
101.8989349835921,291.8711754032273
104.99822796095486,291.94395521093116
90.53564119617812,292.0167287718417
88.4697187688356,292.0894960859588
91.56861746686707,292.1622571532825
94.66760664514054,292.2350119738128
102.9320224627643,292.3077605475497
111.19708954670112,292.38050287449323
95.70062319799732,292.4532389546433
89.50267496736247,292.52596878800006
96.73364984977279,292.59869237456326
93.63460017991007,292.6714097143332
99.83279051066214,292.7441208073097
111.19708954670112,292.8168256534928
112.23026899792218,292.8895242528825
103.96512011827568,292.96221660547883
86.40383641601709,293.03490271128175
117.39632053532335,293.10758257029124
100.86585766987277,293.1802561825073
92.60160379095524,293.25292354793004
94.66760664514054,293.32558466655934
96.73364984977279,293.3982395383952
87.43677258895443,293.4708881634377
108.09761271942111,293.5435305416868
89.50267496736247,293.6161666731425
119.46281333832499,293.68879655780484
92.60160379095524,293.76142019567374
108.09761271942111,293.8340375867492
86.40383641601709,293.90664873103134
110.1639203568378,293.97925362852004
109.1307614179057,294.05185227921527
113.26345872087032,294.1244446831172
85.370910238263,294.1970308402257
85.370910238263,294.2696107505408
79.17356240456859,294.3421844140625
92.60160379095524,294.4147518307908
102.9320224627643,294.4873130007257
114.29665872585775,294.5598679238672
75.04219556629917,294.6324166002153
100.86585766987277,294.70495902977
102.9320224627643,294.77749521253133
109.1307614179057,294.8500251484992
98.79973349495822,294.9225488376737
98.79973349495822,294.9950662800548
91.56861746686707,295.0675774756425
94.66760664514054,295.1400824244368
106.03134600157284,295.2125811264377
89.50267496736247,295.28507358164524
111.19708954670112,295.3575597900593
101.8989349835921,295.43003975168006
87.43677258895443,295.5025134665073
82.27219155761088,295.5749809345412
83.30508782096776,295.6474421557817
110.1639203568378,295.7198971302288
92.60160379095524,295.7923458578825
94.66760664514054,295.8647883387428
94.66760664514054,295.9372245728097
103.96512011827568,296.0096545600832
106.03134600157284,296.08207830056335
90.53564119617812,296.15449579425
95.70062319799732,296.22690704114336
82.27219155761088,296.2993120412432
84.33799404387267,296.3717107945497
87.43677258895443,296.4441033010628
78.14070585884801,296.51648956078253
88.4697187688356,296.5888695737088
89.50267496736247,296.6612433398417
79.17356240456859,296.7336108591812
116.36308962291447,296.80597213172734
95.70062319799732,296.87832715748004
111.19708954670112,296.95067593643927
103.96512011827568,297.0230184686052
106.03134600157284,297.0953547539777
102.9320224627643,297.1676847925568
76.07502245203581,297.2400085843425
86.40383641601709,297.3123261293348
99.83279051066214,297.38463742753373
89.50267496736247,297.4569424789392
84.33799404387267,297.5292412835513
72.97657136810557,297.60153384137004
96.73364984977279,297.67382015239536
83.30508782096776,297.7461002166272
74.00937854247957,297.8183740340657
83.30508782096776,297.8906416047108
85.370910238263,297.9629029285625
89.50267496736247,298.0351580056208
88.4697187688356,298.10740683588574
109.1307614179057,298.17964941935725
99.83279051066214,298.25188575603534
90.53564119617812,298.32411584592006
99.83279051066214,298.39633968901126
115.32986902313972,298.4685572853092
89.50267496736247,298.5407686348137
74.00937854247957,298.6129737375248
98.79973349495822,298.68517259344253
78.14070585884801,298.7573652025668
92.60160379095524,298.8295515648977
90.53564119617812,298.9017316804352
87.43677258895443,298.97390554917934
100.86585766987277,299.04607317113005
92.60160379095524,299.11823454628734
97.76668661170108,299.1903896746512
99.83279051066214,299.26253855622167
75.04219556629917,299.3346811909988
99.83279051066214,299.4068175789825
83.30508782096776,299.4789477201728
91.56861746686707,299.5510716145697
104.99822796095486,299.62318926217324
106.03134600157284,299.6953006629833
85.370910238263,299.76740581700005
102.9320224627643,299.8395047242233
99.83279051066214,299.9115973846532
80.20642886149645,299.9836837982897
97.76668661170108,300.0557639651328
95.70062319799732,300.1278378851825
91.56861746686707,300.1999055584388
96.73364984977279,300.2719669849017
99.83279051066214,300.34402216457124
89.50267496736247,300.41607109744734
97.76668661170108,300.48811378353
109.1307614179057,300.56015022281935
91.56861746686707,300.6321804153152
96.73364984977279,300.7042043610177
78.14070585884801,300.7762220599268
79.17356240456859,300.8482335120425
94.66760664514054,300.92023871736484
79.17356240456859,300.9922376758937
98.79973349495822,301.0642303876292
79.17356240456859,301.13621685257135
90.53564119617812,301.20819707072
98.79973349495822,301.28017104207527
83.30508782096776,301.3521387666372
98.79973349495822,301.4241002444057
72.97657136810557,301.4960554753808
91.56861746686707,301.56800445956253
79.17356240456859,301.6399471969508
81.23930524180564,301.7118836875457
99.83279051066214,301.7838139313472
110.1639203568378,301.8557379283553
100.86585766987277,301.92765567857003
104.99822796095486,301.9995671819913
101.8989349835921,302.0714724386192
94.66760664514054,302.1433714484537
88.4697187688356,302.2152642114948
87.43677258895443,302.2871507277425
98.79973349495822,302.3590309971968
81.23930524180564,302.43090501985773
82.27219155761088,302.5027727957252
89.50267496736247,302.5746343247993
92.60160379095524,302.64648960708
79.17356240456859,302.7183386425673
111.19708954670112,302.7901814312612
97.76668661170108,302.8620179731617
102.9320224627643,302.9338482682688
100.86585766987277,303.0056723165825
93.63460017991007,303.0774901181028
81.23930524180564,303.1493016728297
92.60160379095524,303.22110698076324
97.76668661170108,303.29290604190334
108.09761271942111,303.36469885625
102.9320224627643,303.43648542380333
104.99822796095486,303.5082657445632
91.56861746686707,303.5800398185297
94.66760664514054,303.6518076457028
89.50267496736247,303.72356922608253
95.70062319799732,303.7953245596688
87.43677258895443,303.86707364646173
85.370910238263,303.93881648646123
100.86585766987277,304.0105530796673
89.50267496736247,304.08228342608004
94.66760664514054,304.1540075256993
103.96512011827568,304.22572537852517
95.70062319799732,304.2974369845577
91.56861746686707,304.3691423437968
85.370910238263,304.4408414562425
93.63460017991007,304.5125343218948
100.86585766987277,304.5842209407537
106.03134600157284,304.6559013128192
91.56861746686707,304.7275754380913
100.86585766987277,304.79924331657
114.29665872585775,304.8709049482553
103.96512011827568,304.9425603331472
104.99822796095486,305.0142094712457
88.4697187688356,305.0858523625508
107.06447425084296,305.1574890070625
94.66760664514054,305.2291194047808
78.14070585884801,305.3007435557057
83.30508782096776,305.37236145983724
98.79973349495822,305.44397311717535
87.43677258895443,305.51557852772004
103.96512011827568,305.58717769147125
109.1307614179057,305.65877060842917
99.83279051066214,305.7303572785937
111.19708954670112,305.8019377019648
102.9320224627643,305.8735118785425
94.66760664514054,305.9450798083268
93.63460017991007,306.0166414913177
88.4697187688356,306.08819692751524
109.1307614179057,306.15974611691934
109.1307614179057,306.23128905953
100.86585766987277,306.3028257553473
96.73364984977279,306.37435620437117
117.39632053532335,306.4458804066017
111.19708954670112,306.5173983620388
99.83279051066214,306.5889100706825
89.50267496736247,306.6604155325328
107.06447425084296,306.7319147475897
102.9320224627643,306.8034077158532
85.370910238263,306.87489443732335
107.06447425084296,306.946374912
94.66760664514054,307.0178491398833
106.03134600157284,307.0893171209732
90.53564119617812,307.1607788552697
109.1307614179057,307.2322343427728
98.79973349495822,307.3036835834825
116.36308962291447,307.3751265773988
116.36308962291447,307.4465633245217
107.06447425084296,307.5179938248512
95.70062319799732,307.5894180783873
102.9320224627643,307.66083608513003
88.4697187688356,307.7322478450793
116.36308962291447,307.8036533582352
124.62922651590127,307.8750526245977
133.92942570802896,307.9464456441668
123.5959231358594,308.0178324169425
143.23047345851322,308.0892129429248
132.8960284604025,308.1605872221137
127.72919904485245,308.2319552545092
110.1639203568378,308.3033170401113
130.82926535755502,308.37467257892
114.29665872585775,308.4460218709353
118.42956177045095,308.5173649161572
113.26345872087032,308.5887017145857
125.66254028766845,308.6600322662208
131.86264167999136,308.7313565710625
113.26345872087032,308.8026746291108
98.79973349495822,308.87398644036574
128.7625440493657,308.9452920048272
151.4987890867733,309.01659132249534
148.39809127490298,309.08788439337
157.70047177951815,309.15917121745133
146.33101241003445,309.23045179473917
151.4987890867733,309.3017261252337
135.9962516416113,309.3729942089348
129.79589948379717,309.4442560458425
130.82926535755502,309.5155116359568
112.23026899792218,309.5867609792777
116.36308962291447,309.6580040758052
127.72919904485245,309.72924092553933
108.09761271942111,309.80047152848005
124.62922651590127,309.8716958846273
116.36308962291447,309.9429139939812
113.26345872087032,310.0141258565417
100.86585766987277,310.0853314723088
107.06447425084296,310.1565308412825
113.26345872087032,310.22772396346284
95.70062319799732,310.29891083884974
103.96512011827568,310.3700914674432
112.23026899792218,310.44126584924334
91.56861746686707,310.51243398425
117.39632053532335,310.5835958724633
116.36308962291447,310.6547515138832
82.27219155761088,310.7259009085097
107.06447425084296,310.7970440563428
97.76668661170108,310.8681809573825
82.27219155761088,310.9393116116288
107.06447425084296,311.01043601908174
106.03134600157284,311.0815541797412
92.60160379095524,311.1526660936073
108.09761271942111,311.22377176068005
116.36308962291447,311.29487118095926
97.76668661170108,311.3659643544452
108.09761271942111,311.4370512811377
94.66760664514054,311.5081319610368
98.79973349495822,311.5792063941425
93.63460017991007,311.65027458045483
92.60160379095524,311.7213365199737
101.8989349835921,311.7923922126992
101.8989349835921,311.8634416586313
101.8989349835921,311.93448485777003
100.86585766987277,312.00552181011534
96.73364984977279,312.0765525156672
86.40383641601709,312.1475769744257
109.1307614179057,312.2185951863908
93.63460017991007,312.2896071515625
94.66760664514054,312.36061286994084
116.36308962291447,312.4316123415257
96.73364984977279,312.50260556631724
91.56861746686707,312.5735925443153
108.09761271942111,312.64457327552003
100.86585766987277,312.71554775993127
100.86585766987277,312.78651599754926
87.43677258895443,312.8574779883737
101.8989349835921,312.9284337324048
85.370910238263,312.9993832296425
98.79973349495822,313.0703264800868
111.19708954670112,313.1412634837377
85.370910238263,313.21219424059524
107.06447425084296,313.28311875065936
80.20642886149645,313.35403701393005
87.43677258895443,313.42494903040733
103.96512011827568,313.4958548000912
113.26345872087032,313.5667543229817
72.97657136810557,313.6376475990788
93.63460017991007,313.7085346283825
122.56263013785413,313.7794154108928
99.83279051066214,313.85028994660973
99.83279051066214,313.9211582355332
102.9320224627643,313.9920202776633
104.99822796095486,314.06287607300004
106.03134600157284,314.1337256215433
116.36308962291447,314.20456892329327
124.62922651590127,314.2754059782497
81.23930524180564,314.3462367864128
114.29665872585775,314.4170613477825
91.56861746686707,314.4878796623588
90.53564119617812,314.55869173014173
92.60160379095524,314.62949755113124
99.83279051066214,314.7002971253273
97.76668661170108,314.77109045273005
100.86585766987277,314.84187753333936
93.63460017991007,314.9126583671552
100.86585766987277,314.9834329541777
104.99822796095486,315.0542012944068
107.06447425084296,315.1249633878425
110.1639203568378,315.1957192344848
114.29665872585775,315.2664688343337
114.29665872585775,315.33721218738924
114.29665872585775,315.4079492936513
139.0965692739122,315.47868015312
124.62922651590127,315.54940476579526
153.56597406792872,315.62012313167725
194.91869221182833,315.6908352507657
191.81663735677316,315.7615411230608
194.91869221182833,315.8322407485625
192.85064472973818,315.9029341272708
163.90253867400565,315.97362125918573
173.20636302894314,316.0443021443072
158.73412286861372,316.1149767826353
147.36454654708723,316.18564517417
145.297488855278,316.25630731891135
143.23047345851322,316.3269632168592
129.79589948379717,316.3976128680137
140.13002951576573,316.4682562723748
130.82926535755502,316.5388934299425
141.16350028796182,316.6095243407168
119.46281333832499,316.68014900469774
133.92942570802896,316.7507674218852
108.09761271942111,316.8213795922793
130.82926535755502,316.89198551588004
127.72919904485245,316.9625851926873
115.32986902313972,317.03317862270126
120.49607524891664,317.1037658059217
111.19708954670112,317.1743467423488
121.52934751214036,317.2449214319825
135.9962516416113,317.3154898748228
124.62922651590127,317.3860520708697
125.66254028766845,317.4566080201232
142.19698159929715,317.52715772258335
164.93625396100964,317.59770117825
192.85064472973818,317.6682383871233
256.9806197549543,317.7387693492032
279.74670957901316,317.8092940644897
290.09673002160423,317.8798125329828
253.8765732681643,317.9503247546825
255.9459264058952,318.0208307295888
219.73868269483899,318.0913304577017
185.6128218832471,318.16182393902125
179.40939758367983,318.2323111735473
176.3078316801895,318.30279216128
157.70047177951815,318.37326690221926
168.03746421016317,318.44373539636524
164.93625396100964,318.5141976437177
132.8960284604025,318.5846536442768
128.7625440493657,318.6551033980425
140.13002951576573,318.7255469050148
125.66254028766845,318.7959841651937
119.46281333832499,318.86641517857925
142.19698159929715,318.9368399451713
142.19698159929715,319.00725846497005
120.49607524891664,319.0776707379753
95.70062319799732,319.1480767641872
104.99822796095486,319.2184765436057
123.5959231358594,319.2888700762308
122.56263013785413,319.3592573620625
127.72919904485245,319.4296384011008
128.7625440493657,319.5000131933457
104.99822796095486,319.5703817387972
101.8989349835921,319.6407440374553
116.36308962291447,319.71110008932004
116.36308962291447,319.7814498943913
101.8989349835921,319.85179345266926
112.23026899792218,319.9221307641537
111.19708954670112,319.9924618288448
120.49607524891664,320.0627866467425
106.03134600157284,320.13310521784683
120.49607524891664,320.2034175421577
107.06447425084296,320.2737236196752
120.49607524891664,320.34402345039933
95.70062319799732,320.41431703433005
107.06447425084296,320.48460437146736
107.06447425084296,320.5548854618112
92.60160379095524,320.6251603053617
104.99822796095486,320.6954289021188
100.86585766987277,320.7656912520825
112.23026899792218,320.8359473552528
93.63460017991007,320.9061972116297
114.29665872585775,320.9764408212132
89.50267496736247,321.0466781840033
110.1639203568378,321.11690930000003
108.09761271942111,321.18713416920326
113.26345872087032,321.25735279161324
106.03134600157284,321.3275651672297
100.86585766987277,321.3977712960528
126.69586446079343,321.4679711780825
108.09761271942111,321.5381648133188
102.9320224627643,321.6083522017617
114.29665872585775,321.67853334341123
111.19708954670112,321.74870823826734
109.1307614179057,321.81887688633003
96.73364984977279,321.88903928759936
117.39632053532335,321.9591954420752
117.39632053532335,322.0293453497577
134.9628334320555,322.0994890106468
102.9320224627643,322.1696264247425
108.09761271942111,322.2397575920448
119.46281333832499,322.3098825125537
139.0965692739122,322.3800011862692
110.1639203568378,322.4501136131913
99.83279051066214,322.52021979332005
117.39632053532335,322.5903197266553
125.66254028766845,322.66041341319726
115.32986902313972,322.7305008529457
123.5959231358594,322.8005820459008
122.56263013785413,322.8706569920625
100.86585766987277,322.9407256914308
95.70062319799732,323.0107881440057
120.49607524891664,323.08084434978724
117.39632053532335,323.1508943087753
137.0296803457699,323.22093802097004
153.56597406792872,323.29097548637134
154.59958251505955,323.36100670497916
160.80145709550777,323.4310316767937
130.82926535755502,323.5010504018148
128.7625440493657,323.5710628800425
120.49607524891664,323.6410691114768
126.69586446079343,323.71106909611774
130.82926535755502,323.7810628339652
122.56263013785413,323.85105032501934
108.09761271942111,323.92103156928005
118.42956177045095,323.9910065667473
111.19708954670112,324.06097531742125
110.1639203568378,324.1309378213017
122.56263013785413,324.2008940783888
111.19708954670112,324.2708440886825
97.76668661170108,324.3407878521828
96.73364984977279,324.4107253688897
101.8989349835921,324.4806566388032
99.83279051066214,324.55058166192333
119.46281333832499,324.62050043825
122.56263013785413,324.69041296778335
122.56263013785413,324.7603192505232
116.36308962291447,324.8302192864697
120.49607524891664,324.9001130756228
106.03134600157284,324.9700006179825
108.09761271942111,325.0398819135488
111.19708954670112,325.10975696232174
110.1639203568378,325.1796257643012
114.29665872585775,325.24948831948734
108.09761271942111,325.31934462788
102.9320224627643,325.38919468947927
106.03134600157284,325.4590385042852
87.43677258895443,325.5288760722977
118.42956177045095,325.5987073935168
110.1639203568378,325.6685324679425
109.1307614179057,325.73835129557483
107.06447425084296,325.8081638764137
114.29665872585775,325.87797021045924
114.29665872585775,325.9477702977113
124.62922651590127,326.01756413817003
123.5959231358594,326.0873517318353
112.23026899792218,326.1571330787072
112.23026899792218,326.2269081787857
111.19708954670112,326.2966770320708
93.63460017991007,326.3664396385625
97.76668661170108,326.4361959982608
113.26345872087032,326.5059461111657
91.56861746686707,326.5756899772772
106.03134600157284,326.6454275965953
110.1639203568378,326.71515896912
95.70062319799732,326.7848840948513
111.19708954670112,326.85460297378927
91.56861746686707,326.9243156059337
96.73364984977279,326.9940219912848
100.86585766987277,327.0637221298425
98.79973349495822,327.1334160216068
95.70062319799732,327.2031036665777
104.99822796095486,327.2727850647552
94.66760664514054,327.34246021613933
114.29665872585775,327.41212912073
107.06447425084296,327.48179177852734
116.36308962291447,327.5514481895312
111.19708954670112,327.6210983537417
97.76668661170108,327.6907422711588
133.92942570802896,327.7603799417825
123.5959231358594,327.8300113656128
113.26345872087032,327.8996365426497
106.03134600157284,327.9692554728932
115.32986902313972,328.0388681563433
101.8989349835921,328.10847459300004
113.26345872087032,328.1780747828633
99.83279051066214,328.24766872593324
102.9320224627643,328.3172564222097
100.86585766987277,328.3868378716928
122.56263013785413,328.4564130743825
110.1639203568378,328.5259820302788
122.56263013785413,328.5955447393817
109.1307614179057,328.66510120169124
101.8989349835921,328.7346514172073
104.99822796095486,328.80419538593003
85.370910238263,328.8737331078593
109.1307614179057,328.9432645829952
110.1639203568378,329.0127898113377
120.49607524891664,329.0823087928868
117.39632053532335,329.1518215276425
106.03134600157284,329.2213280156048
108.09761271942111,329.2908282567737
114.29665872585775,329.3603222511492
111.19708954670112,329.42980999873134
114.29665872585775,329.49929149952004
98.79973349495822,329.56876675351526
112.23026899792218,329.63823576071724
95.70062319799732,329.7076985211257
117.39632053532335,329.7771550347408
110.1639203568378,329.8466053015625
104.99822796095486,329.91604932159083
106.03134600157284,329.9854870948257
110.1639203568378,330.05491862126723
94.66760664514054,330.12434390091533
103.96512011827568,330.19376293377
109.1307614179057,330.26317571983134
97.76668661170108,330.3325822590992
113.26345872087032,330.40198255157367
115.32986902313972,330.4713765972548
111.19708954670112,330.5407643961425
107.06447425084296,330.61014594823683
117.39632053532335,330.6795212535377
106.03134600157284,330.7488903120452
111.19708954670112,330.81825312375935
95.70062319799732,330.88760968868
109.1307614179057,330.95696000680726
99.83279051066214,331.02630407814127
97.76668661170108,331.0956419026817
98.79973349495822,331.1649734804288
102.9320224627643,331.23429881138253
124.62922651590127,331.3036178955428
98.79973349495822,331.3729307329097
85.370910238263,331.4422373234832
99.83279051066214,331.5115376672633
107.06447425084296,331.58083176425004
115.32986902313972,331.6501196144433
116.36308962291447,331.7194012178432
92.60160379095524,331.7886765744497
106.03134600157284,331.8579456842628
119.46281333832499,331.9272085472825
122.56263013785413,331.9964651635088
118.42956177045095,332.06571553294174
111.19708954670112,332.1349596555812
146.33101241003445,332.2041975314273
106.03134600157284,332.27342916048
108.09761271942111,332.3426545427393
123.5959231358594,332.41187367820527
122.56263013785413,332.4810865668777
119.46281333832499,332.5502932087568
110.1639203568378,332.6194936038425
124.62922651590127,332.6886877521348
117.39632053532335,332.75787565363373
130.82926535755502,332.8270573083392
130.82926535755502,332.89623271625135
138.0631195535493,332.96540187737
112.23026899792218,333.03456479169535
115.32986902313972,333.1037214592272
101.8989349835921,333.17287187996567
118.42956177045095,333.2420160539108
118.42956177045095,333.3111539810625
129.79589948379717,333.3802856614208
112.23026899792218,333.4494110949857
114.29665872585775,333.5185302817572
118.42956177045095,333.58764322173533
126.69586446079343,333.65674991492006
130.82926535755502,333.7258503613113
113.26345872087032,333.79494456090924
135.9962516416113,333.8640325137137
126.69586446079343,333.9331142197248
139.0965692739122,334.0021896789425
158.73412286861372,334.0712588913668
142.19698159929715,334.14032185699773
142.19698159929715,334.2093785758352
119.46281333832499,334.27842904787934
119.46281333832499,334.34747327313005
125.66254028766845,334.41651125158734
122.56263013785413,334.4855429832512
133.92942570802896,334.5545684681217
100.86585766987277,334.6235877061988
167.003716721624,334.6926006974825
209.39625046514323,334.7616074419728
229.04781640758208,334.83060793966973
186.64676392637537,334.8996021905732
137.0296803457699,334.9685901946833
128.7625440493657,335.037571952
129.79589948379717,335.1065474625233
118.42956177045095,335.17551672625325
137.0296803457699,335.2444797431897
126.69586446079343,335.3134365133328
117.39632053532335,335.38238703668253
114.29665872585775,335.4513313132388
131.86264167999136,335.5202693430017
111.19708954670112,335.5892011259712
112.23026899792218,335.6581266621473
141.16350028796182,335.72704595153004
132.8960284604025,335.79595899411936
127.72919904485245,335.8648657899152
146.33101241003445,335.93376633891774
201.12309697780066,336.0026606411268
164.93625396100964,336.0715486965425
119.46281333832499,336.14043050516483
133.92942570802896,336.2093060669937
110.1639203568378,336.27817538202925
110.1639203568378,336.3470384502713
119.46281333832499,336.41589527172005
123.5959231358594,336.4847458463753
124.62922651590127,336.55359017423723
118.42956177045095,336.6224282553057
114.29665872585775,336.6912600895808
129.79589948379717,336.7600856770625
112.23026899792218,336.8289050177508
127.72919904485245,336.8977181116457
126.69586446079343,336.96652495874724
151.4987890867733,337.0353255590553
156.66683136285098,337.10411991257
173.20636302894314,337.17290801929136
142.19698159929715,337.24168987921917
144.26397587429636,337.3104654923537
121.52934751214036,337.3792348586948
125.66254028766845,337.4479979782425
107.06447425084296,337.5167548509968
124.62922651590127,337.58550547695774
130.82926535755502,337.6542498561252
115.32986902313972,337.7229879884993
109.1307614179057,337.79171987408006
124.62922651590127,337.8604455128673
129.79589948379717,337.92916490486124
108.09761271942111,337.9978780500617
126.69586446079343,338.0665849484688
124.62922651590127,338.1352856000825
141.16350028796182,338.2039800049028
135.9962516416113,338.27266816292973
139.0965692739122,338.34135007416324
119.46281333832499,338.41002573860334
110.1639203568378,338.47869515625
103.96512011827568,338.5473583271033
106.03134600157284,338.61601525116316
119.46281333832499,338.68466592842975
118.42956177045095,338.7533103589028
107.06447425084296,338.8219485425825
126.69586446079343,338.8905804794688
126.69586446079343,338.9592061695617
109.1307614179057,339.0278256128612
101.8989349835921,339.0964388093673
124.62922651590127,339.16504575908004
103.96512011827568,339.2336464619993
101.8989349835921,339.3022409181252
103.96512011827568,339.3708291274577
110.1639203568378,339.4394110899968
109.1307614179057,339.5079868057425
116.36308962291447,339.5765562746948
112.23026899792218,339.64511949685374
118.42956177045095,339.7136764722192
118.42956177045095,339.78222720079134
93.63460017991007,339.85077168257004
108.09761271942111,339.9193099175553
110.1639203568378,339.9878419057472
117.39632053532335,340.05636764714575
113.26345872087032,340.1248871417508
125.66254028766845,340.1934003895625
111.19708954670112,340.2619073905808
128.7625440493657,340.3304081448057
108.09761271942111,340.3989026522372
98.79973349495822,340.4673909128753
94.66760664514054,340.53587292672
112.23026899792218,340.60434869377127
126.69586446079343,340.67281821402923
112.23026899792218,340.74128148749367
126.69586446079343,340.8097385141648
130.82926535755502,340.8781892940425
121.52934751214036,340.9466338271268
125.66254028766845,341.0150721134177
124.62922651590127,341.0835041529152
126.69586446079343,341.1519299456193
102.9320224627643,341.22034949153004
118.42956177045095,341.28876279064735
127.72919904485245,341.3571698429712
108.09761271942111,341.4255706485018
86.40383641601709,341.4939652072388
100.86585766987277,341.5623535191825
122.56263013785413,341.6307355843328
126.69586446079343,341.6991114026897
94.66760664514054,341.7674809742532
99.83279051066214,341.83584429902334
108.09761271942111,341.90420137700005
116.36308962291447,341.9725522081833
110.1639203568378,342.0408967925732
99.83279051066214,342.1092351301697
114.29665872585775,342.1775672209728
106.03134600157284,342.2458930649825
99.83279051066214,342.3142126621988
131.86264167999136,342.3825260126217
110.1639203568378,342.4508331162512
108.09761271942111,342.5191339730873
123.5959231358594,342.58742858313
126.69586446079343,342.65571694637936
116.36308962291447,342.72399906283516
118.42956177045095,342.7922749324978
80.20642886149645,342.8605445553668
112.23026899792218,342.9288079314425
123.5959231358594,342.9970650607248
115.32986902313972,343.0653159432137
104.99822796095486,343.1335605789092
98.79973349495822,343.2017989678113
114.29665872585775,343.27003110992
124.62922651590127,343.3382570052353
112.23026899792218,343.40647665375724
114.29665872585775,343.47469005548567
115.32986902313972,343.5428972104208
112.23026899792218,343.6110981185625
118.42956177045095,343.6792927799108
116.36308962291447,343.7474811944657
110.1639203568378,343.8156633622272
122.56263013785413,343.8838392831953
137.0296803457699,343.95200895737
133.92942570802896,344.02017238475133
120.49607524891664,344.08832956533917
113.26345872087032,344.15648049913375
130.82926535755502,344.2246251861348
124.62922651590127,344.2927636263425
119.46281333832499,344.3608958197568
108.09761271942111,344.42902176637773
117.39632053532335,344.4971414662052
110.1639203568378,344.56525491923935
112.23026899792218,344.63336212548
111.19708954670112,344.7014630849273
106.03134600157284,344.76955779758123
111.19708954670112,344.8376462634417
96.73364984977279,344.9057284825088
118.42956177045095,344.9738044547825
122.56263013785413,345.0418741802628
103.96512011827568,345.1099376589497
102.9320224627643,345.1779948908432
108.09761271942111,345.2460458759433
102.9320224627643,345.31409061425
106.03134600157284,345.38212910576334
119.46281333832499,345.4501613504832
112.23026899792218,345.51818734840975
124.62922651590127,345.5862070995428
118.42956177045095,345.6542206038825
114.29665872585775,345.7222278614288
106.03134600157284,345.79022887218173
113.26345872087032,345.85822363614125
110.1639203568378,345.92621215330735
109.1307614179057,345.99419442368
96.73364984977279,346.0621704472593
112.23026899792218,346.13014022404525
99.83279051066214,346.1981037540377
107.06447425084296,346.2660610372368
112.23026899792218,346.3340120736425
106.03134600157284,346.4019568632548
108.09761271942111,346.4698954060737
119.46281333832499,346.5378277020992
101.8989349835921,346.60575375133135
107.06447425084296,346.67367355377
112.23026899792218,346.7415871094153
114.29665872585775,346.8094944182672
89.50267496736247,346.87739548032573
116.36308962291447,346.9452902955908
103.96512011827568,347.0131788640625
101.8989349835921,347.0810611857408
98.79973349495822,347.1489372606257
118.42956177045095,347.21680708871725
117.39632053532335,347.2846706700153
109.1307614179057,347.35252800452
112.23026899792218,347.42037909223126
102.9320224627643,347.48822393314924
104.99822796095486,347.5560625272737
115.32986902313972,347.6238948746048
106.03134600157284,347.6917209751425
106.03134600157284,347.7595408288868
101.8989349835921,347.8273544358377
109.1307614179057,347.8951617959952
97.76668661170108,347.9629629093593
106.03134600157284,348.03075777593006
100.86585766987277,348.09854639570733
108.09761271942111,348.1663287686912
106.03134600157284,348.23410489488174
101.8989349835921,348.3018747742788
125.66254028766845,348.36963840688253
114.29665872585775,348.4373957926928
118.42956177045095,348.5051469317097
94.66760664514054,348.5728918239332
111.19708954670112,348.6406304693633
110.1639203568378,348.70836286800005
94.66760664514054,348.77608901984325
109.1307614179057,348.84380892489327
119.46281333832499,348.9115225831497
120.49607524891664,348.9792299946128
123.5959231358594,349.0469311592825
103.96512011827568,349.1146260771588
108.09761271942111,349.1823147482417
93.63460017991007,349.2499971725312
110.1639203568378,349.31767335002735
114.29665872585775,349.38534328073
99.83279051066214,349.4530069646393
116.36308962291447,349.5206644017552
128.7625440493657,349.5883155920777
91.56861746686707,349.6559605356068
122.56263013785413,349.7235992323425
108.09761271942111,349.79123168228483
106.03134600157284,349.85885788543374
109.1307614179057,349.9264778417892
99.83279051066214,349.99409155135135
93.63460017991007,350.06169901412005
95.70062319799732,350.1293002300953
91.56861746686707,350.19689519927726
104.99822796095486,350.2644839216657
111.19708954670112,350.3320663972608
109.1307614179057,350.3996426260625
102.9320224627643,350.4672126080708
113.26345872087032,350.5347763432857
114.29665872585775,350.6023338317072
111.19708954670112,350.6698850733353
86.40383641601709,350.73743006817006
109.1307614179057,350.80496881621133
106.03134600157284,350.8725013174592
98.79973349495822,350.94002757191373
107.06447425084296,351.0075475795748
121.52934751214036,351.0750613404425
97.76668661170108,351.1425688545168
106.03134600157284,351.2100701217977
126.69586446079343,351.2775651422852
108.09761271942111,351.34505391597935
99.83279051066214,351.41253644288
114.29665872585775,351.4800127229873
127.72919904485245,351.54748275630124
96.73364984977279,351.6149465428217
103.96512011827568,351.68240408254877
96.73364984977279,351.7498553754825
109.1307614179057,351.8173004216228
108.09761271942111,351.8847392209697
99.83279051066214,351.9521717735232
100.86585766987277,352.0195980792833
107.06447425084296,352.08701813825
94.66760664514054,352.1544319504233
112.23026899792218,352.2218395158032
98.79973349495822,352.2892408343898
118.42956177045095,352.3566359061828
112.23026899792218,352.4240247311825
131.86264167999136,352.4914073093888
108.09761271942111,352.5587836408017
101.8989349835921,352.6261537254212
106.03134600157284,352.6935175632473
114.29665872585775,352.76087515428003
89.50267496736247,352.82822649851926
112.23026899792218,352.89557159596524
100.86585766987277,352.9629104466177
107.06447425084296,353.03024305047677
106.03134600157284,353.0975694075425
101.8989349835921,353.1648895178148
106.03134600157284,353.2322033812937
110.1639203568378,353.2995109979792
134.9628334320555,353.3668123678713
118.42956177045095,353.43410749097
112.23026899792218,353.50139636727533
109.1307614179057,353.5686789967872
97.76668661170108,353.63595537950573
100.86585766987277,353.7032255154308
98.79973349495822,353.7704894045625
107.06447425084296,353.8377470469008
114.29665872585775,353.90499844244573
95.70062319799732,353.97224359119724
113.26345872087032,354.03948249315533
117.39632053532335,354.10671514832
116.36308962291447,354.17394155669126
96.73364984977279,354.24116171826927
116.36308962291447,354.3083756330537
100.86585766987277,354.3755833010448
91.56861746686707,354.4427847222425
94.66760664514054,354.5099798966468
92.60160379095524,354.57716882425774
101.8989349835921,354.64435150507524
129.79589948379717,354.7115279390993
112.23026899792218,354.77869812633
90.53564119617812,354.8458620667673
115.32986902313972,354.9130197604112
113.26345872087032,354.9801712072617
106.03134600157284,355.0473164073188
98.79973349495822,355.1144553605825
91.56861746686707,355.1815880670528
91.56861746686707,355.2487145267297
94.66760664514054,355.3158347396132
115.32986902313972,355.3829487057033
113.26345872087032,355.450056425
101.8989349835921,355.5171578975033
120.49607524891664,355.5842531232132
99.83279051066214,355.6513421021297
103.96512011827568,355.7184248342528
111.19708954670112,355.7855013195825
98.79973349495822,355.8525715581188
110.1639203568378,355.9196355498617
122.56263013785413,355.98669329481123
116.36308962291447,356.05374479296734
130.82926535755502,356.12079004433
107.06447425084296,356.18782904889935
109.1307614179057,356.2548618066752
98.79973349495822,356.32188831765774
116.36308962291447,356.3889085818468
113.26345872087032,356.4559225992425
123.5959231358594,356.5229303698448
122.56263013785413,356.5899318936537
107.06447425084296,356.65692717066923
103.96512011827568,356.7239162008913
120.49607524891664,356.79089898432005
134.9628334320555,356.8578755209553
140.13002951576573,356.92484581079725
126.69586446079343,356.99180985384567
130.82926535755502,357.0587676501008
102.9320224627643,357.1257191995625
119.46281333832499,357.1926645022308
106.03134600157284,357.2596035581057
123.5959231358594,357.3265363671872
97.76668661170108,357.39346292947533
108.09761271942111,357.46038324497005
94.66760664514054,357.52729731367134
95.70062319799732,357.59420513557916
88.4697187688356,357.66110671069373
110.1639203568378,357.72800203901477
122.56263013785413,357.7948911205425
111.19708954670112,357.8617739552768
113.26345872087032,357.9286505432177
128.7625440493657,357.9955208843652
139.0965692739122,358.0623849787193
134.9628334320555,358.12924282628
112.23026899792218,358.19609442704734
106.03134600157284,358.26293978102126
115.32986902313972,358.3297788882017
122.56263013785413,358.3966117485888
139.0965692739122,358.4634383621825
120.49607524891664,358.5302587289828
119.46281333832499,358.59707284898974
115.32986902313972,358.6638807222032
110.1639203568378,358.7306823486233
122.56263013785413,358.79747772825004
124.62922651590127,358.8642668610833
109.1307614179057,358.9310497471232
123.5959231358594,358.99782638636975
113.26345872087032,359.0645967788228
106.03134600157284,359.1313609244825
106.03134600157284,359.1981188233488
115.32986902313972,359.26487047542173
88.4697187688356,359.33161588070124
87.43677258895443,359.3983550391873
93.63460017991007,359.46508795088005
119.46281333832499,359.53181461577935
114.29665872585775,359.59853503388524
97.76668661170108,359.6652492051977
122.56263013785413,359.7319571297168
99.83279051066214,359.7986588074425
119.46281333832499,359.86535423837483
99.83279051066214,359.9320434225137
110.1639203568378,359.99872635985923
96.73364984977279,360.0654030504113
97.76668661170108,360.13207349417
99.83279051066214,360.1987376911353
101.8989349835921,360.2653956413072
106.03134600157284,360.33204734468575
122.56263013785413,360.3986928012708
102.9320224627643,360.4653320110625
114.29665872585775,360.5319649740608
119.46281333832499,360.5985916902657
101.8989349835921,360.6652121596772
118.42956177045095,360.7318263822953
125.66254028766845,360.79843435812
114.29665872585775,360.86503608715134
130.82926535755502,360.93163156938925
139.0965692739122,360.9982208048337
113.26345872087032,361.06480379348477
124.62922651590127,361.1313805353425
112.23026899792218,361.1979510304068
100.86585766987277,361.2645152786777
101.8989349835921,361.33107328015524
107.06447425084296,361.39762503483934
110.1639203568378,361.46417054273
97.76668661170108,361.53070980382734
106.03134600157284,361.5972428181312
93.63460017991007,361.6637695856418
111.19708954670112,361.7302901063588
126.69586446079343,361.7968043802825
114.29665872585775,361.8633124074128
118.42956177045095,361.9298141877497
106.03134600157284,361.99630972129324
115.32986902313972,362.0627990080433
107.06447425084296,362.12928204800005
116.36308962291447,362.19575884116335
107.06447425084296,362.26222938753324
93.63460017991007,362.3286936871097
115.32986902313972,362.3951517398928
109.1307614179057,362.4616035458825
107.06447425084296,362.5280491050788
92.60160379095524,362.5944884174817
99.83279051066214,362.6609214830912
107.06447425084296,362.72734830190734
95.70062319799732,362.79376887393005
110.1639203568378,362.86018319915934
91.56861746686707,362.9265912775952
111.19708954670112,362.9929931092378
113.26345872087032,363.0593886940868
110.1639203568378,363.1257780321425
107.06447425084296,363.1921611234048
99.83279051066214,363.25853796787374
97.76668661170108,363.3249085655492
115.32986902313972,363.3912729164313
102.9320224627643,363.45763102052
109.1307614179057,363.52398287781534
93.63460017991007,363.59032848831725
87.43677258895443,363.6566678520257
91.56861746686707,363.7230009689408
95.70062319799732,363.7893278390625
96.73364984977279,363.85564846239083
118.42956177045095,363.9219628389257
100.86585766987277,363.9882709686672
116.36308962291447,364.0545728516153
97.76668661170108,364.12086848777005
128.7625440493657,364.1871578771313
120.49607524891664,364.2534410196992
107.06447425084296,364.31971791547375
116.36308962291447,364.3859885644548
90.53564119617812,364.4522529666425
110.1639203568378,364.5185111220368
98.79973349495822,364.5847630306377
101.8989349835921,364.6510086924452
110.1639203568378,364.71724810745934
111.19708954670112,364.78348127568
122.56263013785413,364.84970819710736
124.62922651590127,364.91592887174124
96.73364984977279,364.9821432995817
124.62922651590127,365.0483514806288
101.8989349835921,365.1145534148825
110.1639203568378,365.1807491023428
119.46281333832499,365.2469385430097
110.1639203568378,365.3131217368832
79.17356240456859,365.3792986839633
85.370910238263,365.44546938425003
117.39632053532335,365.5116338377433
109.1307614179057,365.5777920444432
111.19708954670112,365.64394400434975
101.8989349835921,365.7100897174628
101.8989349835921,365.7762291837825
89.50267496736247,365.8423624033088
107.06447425084296,365.9084893760417
99.83279051066214,365.9746101019812
97.76668661170108,366.04072458112734
97.76668661170108,366.10683281348
96.73364984977279,366.17293479903935
93.63460017991007,366.23903053780526
93.63460017991007,366.3051200297777
101.8989349835921,366.37120327495677
93.63460017991007,366.4372802733425
92.60160379095524,366.50335102493483
81.23930524180564,366.5694155297337
92.60160379095524,366.6354737877392
82.27219155761088,366.7015257989513
84.33799404387267,366.76757156337004
117.39632053532335,366.83361108099535
103.96512011827568,366.8996443518272
111.19708954670112,366.9656713758657
88.4697187688356,367.0316921531108
98.79973349495822,367.0977066835625
102.9320224627643,367.1637149672208
99.83279051066214,367.2297170040857
94.66760664514054,367.2957127941572
89.50267496736247,367.3617023374353
89.50267496736247,367.42768563392
119.46281333832499,367.49366268361126
118.42956177045095,367.55963348650926
87.43677258895443,367.62559804261366
97.76668661170108,367.6915563519249
88.4697187688356,367.7575084144425
87.43677258895443,367.8234542301668
107.06447425084296,367.8893937990977
99.83279051066214,367.9553271212352
93.63460017991007,368.0212541965793
103.96512011827568,368.08717502512997
96.73364984977279,368.1530896068873
88.4697187688356,368.21899794185117
83.30508782096776,368.28490003002173
96.73364984977279,368.3507958713988
110.1639203568378,368.4166854659825
101.8989349835921,368.4825688137728
97.76668661170108,368.54844591476973
110.1639203568378,368.6143167689732
126.69586446079343,368.6801813763833
118.42956177045095,368.74603973700005
84.33799404387267,368.81189185082326
94.66760664514054,368.8777377178532
99.83279051066214,368.9435773380897
98.79973349495822,369.00941071153284
110.1639203568378,369.0752378381825
94.66760664514054,369.14105871803883
112.23026899792218,369.2068733511017
87.43677258895443,369.2726817373712
103.96512011827568,369.3384838768473
95.70062319799732,369.40427976953004
81.23930524180564,369.47006941541935
97.76668661170108,369.5358528145152
98.79973349495822,369.60162996681777
100.86585766987277,369.66740087232677
101.8989349835921,369.7331655310426
113.26345872087032,369.7989239429648
110.1639203568378,369.8646761080937
106.03134600157284,369.9304220264292
110.1639203568378,369.99616169797133
92.60160379095524,370.06189512272005
110.1639203568378,370.1276223006753
107.06447425084296,370.1933432318372
89.50267496736247,370.2590579162057
117.39632053532335,370.32476635378083
103.96512011827568,370.3904685445625
119.46281333832499,370.4561644885508
134.9628334320555,370.5218541857457
140.13002951576573,370.5875376361472
135.9962516416113,370.6532148397553
132.8960284604025,370.71888579657
118.42956177045095,370.78455050659136
128.7625440493657,370.85020896981916
126.69586446079343,370.9158611862537
140.13002951576573,370.9815071558948
130.82926535755502,371.0471468787426
110.1639203568378,371.1127803547968
115.32986902313972,371.1784075840577
125.66254028766845,371.24402856652523
122.56263013785413,371.30964330219933
96.73364984977279,371.37525179108
108.09761271942111,371.4408540331673
110.1639203568378,371.50645002846124
111.19708954670112,371.5720397769617
107.06447425084296,371.63762327866885
113.26345872087032,371.7032005335825
118.42956177045095,371.7687715417028
95.70062319799732,371.8343363030297
138.0631195535493,371.8998948175632
110.1639203568378,371.9654470853033
120.49607524891664,372.03099310625004
106.03134600157284,372.09653288040334
118.42956177045095,372.1620664077632
119.46281333832499,372.22759368832976
127.72919904485245,372.2931147221028
117.39632053532335,372.35862950908256
89.50267496736247,372.4241380492688
96.73364984977279,372.4896403426617
107.06447425084296,372.55513638926124
97.76668661170108,372.6206261890673
129.79589948379717,372.68610974208
122.56263013785413,372.75158704829926
119.46281333832499,372.81705810772525
124.62922651590127,372.8825229203577
101.8989349835921,372.94798148619685
91.56861746686707,373.01343380524247
99.83279051066214,373.0788798774948
95.70062319799732,373.14431970295374
110.1639203568378,373.2097532816192
113.26345872087032,373.27518061349133
119.46281333832499,373.34060169857
141.16350028796182,373.40601653685536
135.9962516416113,373.47142512834716
131.86264167999136,373.5368274730457
134.9628334320555,373.6022235709508
161.8351402488801,373.6676134220626
149.43164660189356,373.7329970263808
146.33101241003445,373.7983743839057
141.16350028796182,373.8637454946372
143.23047345851322,373.9291103585753
137.0296803457699,373.99446897572005
142.19698159929715,374.05982134607126
140.13002951576573,374.1251674696292
138.0631195535493,374.1905073463937
133.92942570802896,374.2558409763649
116.36308962291447,374.3211683595425
138.0631195535493,374.3864894959268
126.69586446079343,374.45180438551773
114.29665872585775,374.51711302831524
118.42956177045095,374.5824154243193
125.66254028766845,374.64771157353005
118.42956177045095,374.71300147594735
118.42956177045095,374.7782851315712
130.82926535755502,374.84356254040176
128.7625440493657,374.9088337024388
130.82926535755502,374.97409861768256
134.9628334320555,375.0393572861328
100.86585766987277,375.10460970778973
122.56263013785413,375.1698558826532
129.79589948379717,375.23509581072335
101.8989349835921,375.300329492
114.29665872585775,375.3655569264833
106.03134600157284,375.4307781141732
119.46281333832499,375.4959930550697
100.86585766987277,375.5612017491728
120.49607524891664,375.6264041964825
119.46281333832499,375.6916003969988
140.13002951576573,375.7567903507217
141.16350028796182,375.82197405765123
138.0631195535493,375.88715151778734
133.92942570802896,375.95232273113004
122.56263013785413,376.0174876976793
119.46281333832499,376.08264641743517
108.09761271942111,376.1477988903977
112.23026899792218,376.2129451165668
118.42956177045095,376.2780850959426
126.69586446079343,376.3432188285248
116.36308962291447,376.4083463143137
116.36308962291447,376.4734675533092
107.06447425084296,376.5385825455113
119.46281333832499,376.60369129092004
109.1307614179057,376.6687937895353
128.7625440493657,376.73389004135726
111.19708954670112,376.7989800463857
103.96512011827568,376.86406380462086
112.23026899792218,376.9291413160625
104.99822796095486,376.9942125807108
116.36308962291447,377.0592775985657
92.60160379095524,377.1243363696272
95.70062319799732,377.18938889389534
99.83279051066214,377.25443517137
113.26345872087032,377.3194752020513
98.79973349495822,377.3845089859392
96.73364984977279,377.44953652303377
109.1307614179057,377.5145578133348
97.76668661170108,377.57957285684256
103.96512011827568,377.6445816535568
98.79973349495822,377.70958420347773
96.73364984977279,377.7745805066052
98.79973349495822,377.83957056293934
92.60160379095524,377.90455437248005
96.73364984977279,377.9695319352273
101.8989349835921,378.03450325118126
92.60160379095524,378.0994683203417
94.66760664514054,378.16442714270886
94.66760664514054,378.2293797182825
92.60160379095524,378.2943260470628
91.56861746686707,378.35926612904973
104.99822796095486,378.4241999642432
94.66760664514054,378.4891275526433
100.86585766987277,378.55404889425
90.53564119617812,378.61896398906333
96.73364984977279,378.6838728370832
100.86585766987277,378.74877543830974
93.63460017991007,378.8136717927428
110.1639203568378,378.8785619003826
102.9320224627643,378.9434457612288
107.06447425084296,379.0083233752817
91.56861746686707,379.0731947425412
101.8989349835921,379.1380598630073
109.1307614179057,379.20291873668003
107.06447425084296,379.2677713635593
109.1307614179057,379.33261774364524
110.1639203568378,379.39745787693766
94.66760664514054,379.46229176343684
102.9320224627643,379.5271194031425
119.46281333832499,379.5919407960548
97.76668661170108,379.65675594217373
108.09761271942111,379.72156484149923
117.39632053532335,379.7863674940313
99.83279051066214,379.85116389977003
111.19708954670112,379.91595405871533
82.27219155761088,379.98073797086715
106.03134600157284,380.04551563622573
95.70062319799732,380.1102870547908
110.1639203568378,380.17505222656257
99.83279051066214,380.2398111515408
101.8989349835921,380.30456382972574
94.66760664514054,380.3693102611172
107.06447425084296,380.43405044571534
103.96512011827568,380.49878438352005
112.23026899792218,380.5635120745313
108.09761271942111,380.62823351874925
110.1639203568378,380.6929487161737
100.86585766987277,380.75765766680485
110.1639203568378,380.8223603706425
107.06447425084296,380.8870568276868
110.1639203568378,380.9517470379377
99.83279051066214,381.01643100139523
114.29665872585775,381.08110871805934
98.79973349495822,381.14578018793003
89.50267496736247,381.21044541100736
124.62922651590127,381.2751043872912
94.66760664514054,381.33975711678175
99.83279051066214,381.40440359947877
115.32986902313972,381.46904383538254
108.09761271942111,381.5336778244928
120.49607524891664,381.5983055668097
112.23026899792218,381.6629270623332
104.99822796095486,381.7275423110633
114.29665872585775,381.79215131300003
100.86585766987277,381.8567540681433
132.8960284604025,381.92135057649324
122.56263013785413,381.9859408380497
150.46521253641615,382.0505248528128
116.36308962291447,382.1151026207825
122.56263013785413,382.1796741419588
108.09761271942111,382.2442394163417
128.7625440493657,382.3087984439312
117.39632053532335,382.37335122472734
106.03134600157284,382.43789775873
129.79589948379717,382.50243804593936
121.52934751214036,382.5669720863552
127.72919904485245,382.63149987997775
134.9628334320555,382.6960214268068
116.36308962291447,382.76053672684253
131.86264167999136,382.8250457800848
137.0296803457699,382.8895485865337
133.92942570802896,382.95404514618923
147.36454654708723,383.01853545905135
138.0631195535493,383.08301952512005
151.4987890867733,383.1474973443953
161.8351402488801,383.21196891687725
159.76778463800565,383.2764342425657
142.19698159929715,383.34089332146084
147.36454654708723,383.4053461535625
135.9962516416113,383.4697927388708
150.46521253641615,383.5342330773857
154.59958251505955,383.5986671691072
143.23047345851322,383.6630950140353
157.70047177951815,383.72751661217
172.17256172420682,383.79193196351133
150.46521253641615,383.8563410680592
156.66683136285098,383.9207439258137
143.23047345851322,383.9851405367748
143.23047345851322,384.04953090094256
138.0631195535493,384.1139150183168
141.16350028796182,384.1782928888977
126.69586446079343,384.2426645126852
103.96512011827568,384.3070298896793
117.39632053532335,384.37138901988004
138.0631195535493,384.4357419032873
100.86585766987277,384.50008853990124
117.39632053532335,384.5644289297217
129.79589948379717,384.6287630727488
118.42956177045095,384.6930909689825
128.7625440493657,384.7574126184228
113.26345872087032,384.8217280210697
112.23026899792218,384.8860371769232
116.36308962291447,384.9503400859833
111.19708954670112,385.01463674825004
104.99822796095486,385.07892716372334
106.03134600157284,385.14321133240315
108.09761271942111,385.2074892542897
102.9320224627643,385.2717609293828
103.96512011827568,385.33602635768256
114.29665872585775,385.4002855391888
130.82926535755502,385.4645384739017
109.1307614179057,385.5287851618212
125.66254028766845,385.5930256029473
93.63460017991007,385.65725979728
117.39632053532335,385.7214877448193
112.23026899792218,385.78570944556526
126.69586446079343,385.8499248995177
128.7625440493657,385.91413410667684
116.36308962291447,385.9783370670425
119.46281333832499,386.0425337806148
110.1639203568378,386.1067242473937
114.29665872585775,386.1709084673792
119.46281333832499,386.2350864405713
107.06447425084296,386.29925816697005
119.46281333832499,386.3634236465753
125.66254028766845,386.42758287938716
134.9628334320555,386.49173586540576
103.96512011827568,386.55588260463077
116.36308962291447,386.62002309706253
111.19708954670112,386.6841573427008
115.32986902313972,386.74828534154574
95.70062319799732,386.81240709359724
115.32986902313972,386.87652259885533
109.1307614179057,386.94063185732
103.96512011827568,387.00473486899125
117.39632053532335,387.06883163386925
93.63460017991007,387.13292215195366
91.56861746686707,387.19700642324483
110.1639203568378,387.2610844477425
94.66760664514054,387.3251562254468
107.06447425084296,387.3892217563577
94.66760664514054,387.4532810404752
101.8989349835921,387.5173340777993
113.26345872087032,387.58138086833003
106.03134600157284,387.6454214120673
100.86585766987277,387.7094557090112
97.76668661170108,387.77348375916176
88.4697187688356,387.8375055625188
107.06447425084296,387.90152111908253
99.83279051066214,387.9655304288528
104.99822796095486,388.02953349182974
100.86585766987277,388.0935303080132
88.4697187688356,388.15752087740333
111.19708954670112,388.2215052
104.99822796095486,388.2854832758033
87.43677258895443,388.3494551048132
95.70062319799732,388.4134206870297
99.83279051066214,388.47738002245285
93.63460017991007,388.5413331110825
87.43677258895443,388.6052799529188
107.06447425084296,388.6692205479617
108.09761271942111,388.7331548962112
106.03134600157284,388.7970829976673
87.43677258895443,388.86100485233004
93.63460017991007,388.92492046019936
103.96512011827568,388.9888298212752
95.70062319799732,389.05273293555774
98.79973349495822,389.1166298030468
92.60160379095524,389.18052042374256
115.32986902313972,389.2444047976448
92.60160379095524,389.3082829247537
96.73364984977279,389.3721548050692
106.03134600157284,389.4360204385913
98.79973349495822,389.49987982532
104.99822796095486,389.56373296525527
111.19708954670112,389.6275798583972
97.76668661170108,389.6914205047457
108.09761271942111,389.75525490430084
124.62922651590127,389.81908305706247
107.06447425084296,389.8829049630308
106.03134600157284,389.9467206222057
99.83279051066214,390.0105300345872
107.06447425084296,390.0743332001753
106.03134600157284,390.13813011897
113.26345872087032,390.2019207909713
84.33799404387267,390.2657052161792
106.03134600157284,390.32948339459375
89.50267496736247,390.3932553262148
115.32986902313972,390.45702101104257
94.66760664514054,390.5207804490768
97.76668661170108,390.5845336403177
99.83279051066214,390.6482805847652
110.1639203568378,390.7120212824193
106.03134600157284,390.77575573328005
109.1307614179057,390.83948393734727
103.96512011827568,390.90320589462124
107.06447425084296,390.9669216051017
102.9320224627643,391.03063106878886
83.30508782096776,391.0943342856825
92.60160379095524,391.1580312557828
97.76668661170108,391.2217219790897
-21.97983802715269,397.4190605
0.828829118828863,397.5294444724215
9.94307564470198,397.6398207881322
29.2933581943525,397.7501894448011
22.466562699321575,397.8605504400975
-1.450555734174831,397.97090377169036
3.1078846772942805,398.081249437249
-17.4154701815079,398.19158743444234
12.220814089541571,398.3019177609398
-8.290686098404034,398.4122404144103
-16.274584030794532,398.522555392523
-15.13378020532773,398.6328626929471
7.665007933248296,398.7431623133517
-10.571388162209082,398.853454251406
3.1078846772942805,398.96373850477914
-18.556438657035095,399.07401507114014
-15.13378020532773,399.1842839481582
13.359559839944863,399.2945451335025
7.665007933248296,399.40479862484216
-7.1504585560943426,399.5150444198463
-1.450555734174831,399.62528251618403
5.386610946616017,399.73551291152444
-12.852419531525765,399.84573560353687
9.94307564470198,399.95595058989034
31.56829836644732,400.066157868254
79.26604952725262,400.1763574362969
59.97728704930245,400.28654929168823
50.892003203277056,400.39673343209716
47.48366499988101,400.5069098551929
50.892003203277056,400.61707855864444
61.1125775701339,400.727239540121
74.72965338091507,400.83739279729167
40.664767921709576,400.9475383278256
64.51795594609297,401.05767612939206
59.97728704930245,401.16780619966005
53.163817496976286,401.27792853629865
56.57092224473208,401.3880431369771
74.72965338091507,401.4981499993645
50.892003203277056,401.60824912113003
61.1125775701339,401.7183404999428
61.1125775701339,401.82842413347197
58.84191432405177,401.93850001938665
29.2933581943525,402.048568155356
63.38291201446964,402.1586285390492
78.13207369594626,402.2686811681353
57.706459390476276,402.37872604028337
65.65291768953493,402.4887631531627
80.39994322989214,402.59879250444243
75.86387562762837,402.7088140917916
50.892003203277056,402.8188279128794
55.43530288303712,402.928833965375
59.97728704930245,403.03883224694744
69.05730983320746,403.148822755266
69.05730983320746,403.2588054879997
81.53375480886622,403.3687804428177
59.97728704930245,403.4787476173891
70.1919428666643,403.5887070093832
61.1125775701339,403.69865861646895
83.8011316161234,403.8086024363156
78.13207369594626,403.9185384665922
74.72965338091507,404.028466704968
69.05730983320746,404.1383871491121
73.59534898613158,404.2482997966936
82.66748426923618,404.35820464538153
76.99801573103186,404.4681016928453
80.39994322989214,404.5779909367539
72.46096243857808,404.6878723747764
88.33489997336392,404.7977460045821
69.05730983320746,404.9076118238399
58.84191432405177,405.0174698302192
42.93806263212181,405.127320021389
72.46096243857808,405.2371623950185
66.78779724900843,405.3469969487767
88.33489997336392,405.45682368033283
81.53375480886622,405.56664258735617
63.38291201446964,405.6764536675156
62.24778589051337,405.7862569184805
50.892003203277056,405.89605233791974
37.25420888145202,406.00583992350266
45.211028316673236,406.1156196728984
67.92259462878755,406.225391583776
49.75597270726725,406.33515565380463
84.93469685470902,406.4449118806535
80.39994322989214,406.5546602619916
49.75597270726725,406.6644007954882
66.78779724900843,406.7741334788124
50.892003203277056,406.8838583096333
41.80145640664128,406.99357528562007
50.892003203277056,407.10328440444187
103.06057840151354,407.21298566376777
66.78779724900843,407.322679061267
64.51795594609297,407.4323645946086
73.59534898613158,407.5420422614618
59.97728704930245,407.6517120594957
67.92259462878755,407.76137398637945
69.05730983320746,407.8710280397821
72.46096243857808,407.9806742173729
71.32649373361521,408.090312516821
87.20158102799887,408.19994293579543
69.05730983320746,408.3095654719654
59.97728704930245,408.419180123
54.299601301671245,408.5287868865684
66.78779724900843,408.6383857603398
72.46096243857808,408.7479767419832
58.84191432405177,408.8575598291679
65.65291768953493,408.9671350195629
54.299601301671245,409.0767023108374
61.1125775701339,409.1862617006605
86.06817999023397,409.2958131867014
67.92259462878755,409.4053567666291
64.51795594609297,409.51489243811295
76.99801573103186,409.624420198822
79.26604952725262,409.73394004642535
50.892003203277056,409.84345197859216
69.05730983320746,409.9529559929915
70.1919428666643,410.0624520872926
55.43530288303712,410.1719402591646
59.97728704930245,410.2814205062766
78.13207369594626,410.3908928262978
52.027951465356196,410.50035721689716
65.65291768953493,410.60981367574396
86.06817999023397,410.7192622005074
86.06817999023397,410.8287027888565
74.72965338091507,410.93813543846045
72.46096243857808,411.0475601469883
58.84191432405177,411.15697691210937
69.05730983320746,411.2663857314927
79.26604952725262,411.3757866028073
94.0002635059581,411.4851795237225
71.32649373361521,411.59456449190736
59.97728704930245,411.70394150503097
82.66748426923618,411.8133105607626
65.65291768953493,411.9226716567713
54.299601301671245,412.03202479072615
66.78779724900843,412.14136996029634
79.26604952725262,412.25070716315116
86.06817999023397,412.36003639695946
64.51795594609297,412.4693576593906
82.66748426923618,412.5786709481136
62.24778589051337,412.68797626079777
83.8011316161234,412.797273595112
105.32483689209987,412.9065629487256
70.1919428666643,413.0158443193076
112.11564460305824,413.12511770452727
87.20158102799887,413.23438310205364
56.57092224473208,413.3436405095559
82.66748426923618,413.45288992470313
74.72965338091507,413.5621313451645
58.84191432405177,413.6713647686092
88.33489997336392,413.78059019270637
76.99801573103186,413.889807615125
72.46096243857808,413.9990170335343
69.05730983320746,414.1082184456036
71.32649373361521,414.2174118490018
88.33489997336392,414.3265972413981
67.92259462878755,414.43577462046164
62.24778589051337,414.5449439838616
78.13207369594626,414.65410532926705
75.86387562762837,414.76325865434717
70.1919428666643,414.8724039567711
96.2658344664521,414.981541234208
94.0002635059581,415.09067048432695
90.60129160863264,415.1997917047972
84.93469685470902,415.3089048932877
101.92832614261735,415.41801004746776
73.59534898613158,415.5271071650063
74.72965338091507,415.6361962435728
74.72965338091507,415.74527728083615
87.20158102799887,415.85435027446556
63.38291201446964,415.9634152221301
83.8011316161234,416.07247212149895
72.46096243857808,416.1815209702413
62.24778589051337,416.2905617660263
76.99801573103186,416.399594506523
59.97728704930245,416.5086191894005
79.26604952725262,416.6176358123281
63.38291201446964,416.7266443729748
59.97728704930245,416.83564486900985
59.97728704930245,416.94463729810235
50.892003203277056,417.05362165792127
94.0002635059581,417.16259794613603
54.299601301671245,417.27156616041555
63.38291201446964,417.38052629842906
86.06817999023397,417.4894783578457
58.84191432405177,417.5984223363346
74.72965338091507,417.7073582315649
79.26604952725262,417.8162860412057
76.99801573103186,417.92520576292617
78.13207369594626,418.0341173943955
86.06817999023397,418.1430209332827
89.46813683174882,418.251916377257
54.299601301671245,418.36080372398754
76.99801573103186,418.46968297114347
64.51795594609297,418.57855411639383
76.99801573103186,418.6874171574078
45.211028316673236,418.79627209185463
109.85236994129919,418.90511891740334
61.1125775701339,419.0139576317231
66.78779724900843,419.122788232483
79.26604952725262,419.2316107173523
69.05730983320746,419.340425084
62.24778589051337,419.4492313300953
66.78779724900843,419.55802945330737
89.46813683174882,419.66681945130534
78.13207369594626,419.77560132175824
88.33489997336392,419.88437506233544
94.0002635059581,419.99314067070577
90.60129160863264,420.10189814453855
83.8011316161234,420.210647481503
78.13207369594626,420.31938867926806
76.99801573103186,420.428121735503
89.46813683174882,420.53684664787687
105.32483689209987,420.6455634140589
64.51795594609297,420.75427203171824
90.60129160863264,420.8629724985239
87.20158102799887,420.97166481214515
96.2658344664521,421.08034897025095
94.0002635059581,421.1890249705107
112.11564460305824,421.29769281059333
110.98404825529218,421.40635248816807
78.13207369594626,421.515004000904
100.79599186638613,421.6236473464703
88.33489997336392,421.7322825225361
88.33489997336392,421.84090952677053
96.2658344664521,421.94952835684273
97.39849687270662,422.0581390104219
88.33489997336392,422.16674148517706
106.45684313633505,422.2753357787774
135.86024598985114,422.3839218888921
139.24938522357996,422.49249981319025
156.18404515233738,422.60106954934093
203.50345315660158,422.70963109501344
236.09270061401148,422.8181844478769
255.16509355801736,422.92672960560026
191.1241574467015,423.03526656585285
152.79858391231133,423.14379532630363
88.33489997336392,423.2523158846219
91.73436430955383,423.36082823847676
114.3785914265627,423.46933238553726
97.39849687270662,423.5778283234726
94.0002635059581,423.686316049952
96.2658344664521,423.7947955626445
97.39849687270662,423.90326685921923
73.59534898613158,424.0117299373454
100.79599186638613,424.120184794692
90.60129160863264,424.2286314289284
104.1927486492599,424.33706983772356
50.892003203277056,424.4455000187466
80.39994322989214,424.5539219696668
69.05730983320746,424.6623356881532
105.32483689209987,424.770741171875
105.32483689209987,424.87913841850127
82.66748426923618,424.9875274257012
96.2658344664521,425.09590819114385
110.98404825529218,425.2042807124985
89.46813683174882,425.3126449874341
79.26604952725262,425.42100101362
108.72060965448803,425.52934878872514
116.6412104656942,425.63768831041875
88.33489997336392,425.74601957637003
75.86387562762837,425.854342584248
92.86735494011005,425.96265733172186
84.93469685470902,426.0709638164608
101.92832614261735,426.17926203613376
101.92832614261735,426.2875519884101
103.06057840151354,426.3958336709589
78.13207369594626,426.5041070814492
82.66748426923618,426.6123722175502
103.06057840151354,426.7206290769311
65.65291768953493,426.828877657261
74.72965338091507,426.937117956209
103.06057840151354,427.04534997144424
103.06057840151354,427.1535737006359
114.3785914265627,427.26178914145305
92.86735494011005,427.369996291565
107.5887673883252,427.4781951486406
79.26604952725262,427.58638571034925
78.13207369594626,427.6945679743599
61.1125775701339,427.8027419383419
65.65291768953493,427.9109075999642
116.6412104656942,428.019064956896
97.39849687270662,428.1272140068064
100.79599186638613,428.2353547473646
105.32483689209987,428.3434871762398
92.86735494011005,428.451611291101
96.2658344664521,428.5597270896174
84.93469685470902,428.6678345694581
97.39849687270662,428.7759337282923
90.60129160863264,428.88402456378907
86.06817999023397,428.9921070736176
104.1927486492599,429.10018125544707
107.5887673883252,429.20824710694643
113.24715899124625,429.316304625785
78.13207369594626,429.4243538096319
80.39994322989214,429.53239465615627
87.20158102799887,429.64042716302714
112.11564460305824,429.7484513279137
103.06057840151354,429.8564671484852
121.16546541095403,429.9644746224106
136.99004086399856,430.0724737473592
147.15451474717293,430.180464521
124.55779660014767,430.28844694100223
139.24938522357996,430.396421005035
161.82484754790408,430.50438671076745
122.29632436876906,430.6123440558687
115.50994191577158,430.72029303800787
103.06057840151354,430.82823365485416
114.3785914265627,430.9361659040767
96.2658344664521,431.0440897833446
78.13207369594626,431.15200529032694
131.34024834730226,431.259912422693
64.51795594609297,431.3678111781118
88.33489997336392,431.47570155425257
97.39849687270662,431.5835835487843
91.73436430955383,431.6914571593763
105.32483689209987,431.7993223836976
110.98404825529218,431.9071792194174
124.55779660014767,432.0150276642048
105.32483689209987,432.12286771572894
94.0002635059581,432.23069937165894
98.53107723746987,432.338522629664
101.92832614261735,432.4463374874132
98.53107723746987,432.5541439425757
129.07975853006374,432.66194199282063
100.79599186638613,432.76973163581715
100.79599186638613,432.87751286923435
103.06057840151354,432.9852856907415
83.8011316161234,433.09305009800755
72.46096243857808,433.2008060887017
90.60129160863264,433.30855366049315
79.26604952725262,433.416292811051
82.66748426923618,433.52402353804445
97.39849687270662,433.6317458391424
103.06057840151354,433.73945971201437
101.92832614261735,433.84716515432916
88.33489997336392,433.9548621637561
89.46813683174882,434.06255073796433
83.8011316161234,434.1702308746228
91.73436430955383,434.2779025714009
105.32483689209987,434.38556582596755
99.6635755666931,434.49322063599203
89.46813683174882,434.6008669991433
115.50994191577158,434.7085049130908
96.2658344664521,434.81613437550345
101.92832614261735,434.9237553840505
125.68840988820949,435.0313679364009
105.32483689209987,435.1389720302239
92.86735494011005,435.2465676631887
112.11564460305824,435.3541548329644
118.90350177525275,435.46173353722014
79.26604952725262,435.56930377362494
87.20158102799887,435.67686553984817
100.79599186638613,435.7844188335588
116.6412104656942,435.89196365242594
70.1919428666643,435.99949999411893
76.99801573103186,436.1070278563067
69.05730983320746,436.21454723665835
72.46096243857808,436.3220581328432
82.66748426923618,436.4295605425304
105.32483689209987,436.5370544633889
80.39994322989214,436.64453989308794
100.79599186638613,436.75201682929674
126.81894130094628,436.85948526968434
105.32483689209987,436.9669452119199
91.73436430955383,437.0743966536725
103.06057840151354,437.18183959261137
90.60129160863264,437.28927402640556
114.3785914265627,437.3966999527243
103.06057840151354,437.5041173692368
108.72060965448803,437.6115262736119
92.86735494011005,437.718926663519
105.32483689209987,437.8263185366272
96.2658344664521,437.9337018906055
94.0002635059581,438.04107672312324
116.6412104656942,438.14844303184935
133.60041081336456,438.2558008144531
103.06057840151354,438.36315006860366
113.24715899124625,438.47049079197006
127.94939084574867,438.57782298222145
124.55779660014767,438.68514663702706
95.13309001281384,438.79246175405603
105.32483689209987,438.8997683309774
96.2658344664521,439.00706636546033
100.79599186638613,439.11435585517387
110.98404825529218,439.22163679778737
86.06817999023397,439.32890919096985
74.72965338091507,439.4361730323905
117.77239708320928,439.5434283197184
107.5887673883252,439.6506750506226
87.20158102799887,439.7579132227725
107.5887673883252,439.86514283383696
133.60041081336456,439.97236388148536
117.77239708320928,440.07957636338665
131.34024834730226,440.18678027721
121.16546541095403,440.2939756206246
101.92832614261735,440.40116239129964
113.24715899124625,440.5083405869042
95.13309001281384,440.6155102051072
118.90350177525275,440.7226712435782
121.16546541095403,440.8298236999861
104.1927486492599,440.93696757199996
121.16546541095403,441.04410285728915
84.93469685470902,441.15122955352257
87.20158102799887,441.2583476583695
148.28349199690388,441.3654571694991
131.34024834730226,441.4725580845804
112.11564460305824,441.57965040128255
136.99004086399856,441.6867341172748
118.90350177525275,441.79380923022615
121.16546541095403,441.9008757378059
123.42710142942668,442.00793363768304
148.28349199690388,442.11498292752674
142.6377884112726,442.22202360500614
123.42710142942668,442.3290556677904
131.34024834730226,442.4360791135487
116.6412104656942,442.5430939399501
135.86024598985114,442.6501001446638
130.21004436139503,442.7570977253589
136.99004086399856,442.86408667970454
139.24938522357996,442.9710670053699
150.54120135422156,443.078038700024
142.6377884112726,443.18500176133614
169.71854349219507,443.2919561869753
148.28349199690388,443.39890197461074
173.10033266160866,443.5058391219116
189.9982790047195,443.6127676265469
170.84588808197427,443.7196874861858
161.82484754790408,443.8265986984976
134.73036930891976,443.9335012611513
123.42710142942668,444.0403951718161
148.28349199690388,444.14728042816097
142.6377884112726,444.2541570278553
130.21004436139503,444.3610249685681
141.5084024514972,444.4678842479684
143.76709261247174,444.5747348637256
140.3789347249723,444.6815768135086
131.34024834730226,444.7884100949867
132.4703704954014,444.89523470582895
158.4406110166747,445.0020506437045
164.08059716409159,445.1088579062824
185.4939514685289,445.215656491232
184.36766609069292,445.3224463962223
189.9982790047195,445.4292276189224
210.25165224551415,445.5360001570015
204.62835603313653,445.6427640081288
221.49215836045937,445.7495191699733
203.50345315660158,445.8562656402043
173.10033266160866,445.96300341649084
123.42710142942668,446.06973249650196
129.07975853006374,446.176452877907
116.6412104656942,446.283164558375
124.55779660014767,446.3898675355751
134.73036930891976,446.49656180717636
166.33602040881325,446.60324737084807
133.60041081336456,446.7099242242592
122.29632436876906,446.8165923650791
127.94939084574867,446.9232517909768
103.06057840151354,447.02990249962136
142.6377884112726,447.136544488682
159.56877148679467,447.24317775582784
156.18404515233738,447.349802298728
115.50994191577158,447.4564181150517
117.77239708320928,447.56302520246794
155.05563974029556,447.669623558646
129.07975853006374,447.7762131812549
155.05563974029556,447.8827940679639
129.07975853006374,447.9893662164421
160.696850327522,448.0959296243584
141.5084024514972,448.2024842893823
165.20834957826108,448.3090302091828
127.94939084574867,448.415567381429
141.5084024514972,448.52209580379
146.02545577211063,448.62861547393504
131.34024834730226,448.7351263895333
121.16546541095403,448.8416285482537
116.6412104656942,448.9481219477656
144.8963150633232,449.05460658573804
134.73036930891976,449.16108245984015
133.60041081336456,449.2675495677411
146.02545577211063,449.37400790711
132.4703704954014,449.480457475616
130.21004436139503,449.5868982709282
112.11564460305824,449.69333029071583
126.81894130094628,449.799753532648
115.50994191577158,449.9061679943938
132.4703704954014,450.0125736736224
122.29632436876906,450.11897056800285
95.13309001281384,450.22535867520446
135.86024598985114,450.33173799289625
115.50994191577158,450.4381085187474
141.5084024514972,450.54447025042697
138.11975393925772,450.6508231856042
132.4703704954014,450.7571673219482
107.5887673883252,450.8635026571281
143.76709261247174,450.9698291888131
141.5084024514972,451.0761469146721
105.32483689209987,451.1824558323745
144.8963150633232,451.28875593958935
108.72060965448803,451.39504723398585
116.6412104656942,451.50132971323296
113.24715899124625,451.607603375
103.06057840151354,451.71386821695603
134.73036930891976,451.8201242367702
112.11564460305824,451.92637143211164
120.03452454881763,452.0326098006494
129.07975853006374,452.13883934005287
112.11564460305824,452.245060047991
126.81894130094628,452.3512719221329
152.79858391231133,452.45747496014775
125.68840988820949,452.5636691597048
124.55779660014767,452.669854518473
149.4123875297522,452.7760310341216
147.15451474717293,452.88219870431976
132.4703704954014,452.98835752673654
143.76709261247174,453.09450749904113
136.99004086399856,453.2006486189026
121.16546541095403,453.30678088399026
139.24938522357996,453.412904291973
148.28349199690388,453.5190188405201
151.66993347887026,453.6251245273007
136.99004086399856,453.73122134998397
113.24715899124625,453.837309306239
118.90350177525275,453.94338839373495
120.03452454881763,454.04945861014085
127.94939084574867,454.155519953126
109.85236994129919,454.2615724203594
100.79599186638613,454.36761600951024
118.90350177525275,454.47365071824765
134.73036930891976,454.5796765442409
151.66993347887026,454.68569348515894
146.02545577211063,454.79170153867096
136.99004086399856,454.89770070244623
110.98404825529218,455.00369097415364
150.54120135422156,455.10967235146256
171.9731511352512,455.21564483204196
158.4406110166747,455.32160841356114
106.45684313633505,455.42756309368906
138.11975393925772,455.533508870095
168.59111735638388,455.6394457404481
147.15451474717293,455.74537370241734
115.50994191577158,455.851292753672
123.42710142942668,455.9572028918812
155.05563974029556,456.063104114714
117.77239708320928,456.1689964198397
123.42710142942668,456.27487980492725
131.34024834730226,456.38075426764584
141.5084024514972,456.4866198056647
114.3785914265627,456.5924764166529
117.77239708320928,456.6983240982796
134.73036930891976,456.80416284821393
110.98404825529218,456.90999266412496
123.42710142942668,457.015813543682
116.6412104656942,457.121625484554
139.24938522357996,457.22742848441015
143.76709261247174,457.33322254091973
136.99004086399856,457.4390076517516
146.02545577211063,457.54478381457517
146.02545577211063,457.65055102705946
130.21004436139503,457.7563092868736
126.81894130094628,457.8620585916867
179.86171029776344,457.967798939168
159.56877148679467,458.07353032698654
151.66993347887026,458.1792527528115
142.6377884112726,458.28496621431213
168.59111735638388,458.3906707091573
179.86171029776344,458.49636623501635
167.46360966506433,458.6020527895584
171.9731511352512,458.7077303704525
146.02545577211063,458.813398975368
144.8963150633232,458.9190586019737
185.4939514685289,459.024709247939
136.99004086399856,459.130350910933
162.95276315704223,459.2359835886247
157.3123689081687,459.34160727868334
162.95276315704223,459.4472219787781
149.4123875297522,459.55282768657815
168.59111735638388,459.6584243997525
131.34024834730226,459.7640121159703
125.68840988820949,459.8695908329007
129.07975853006374,459.9751605482129
182.11485107079142,460.080721259576
189.9982790047195,460.18627296465917
167.46360966506433,460.29181566113147
213.6246558422858,460.3973493466621
151.66993347887026,460.5028740189202
167.46360966506433,460.6083896755749
182.11485107079142,460.71389631429525
159.56877148679467,460.8193939327506
161.82484754790408,460.9248825286098
158.4406110166747,461.0303620995423
170.84588808197427,461.135832643217
169.71854349219507,461.2412941573031
183.2412992948345,461.3467466394698
188.87231919630773,461.45219008738616
168.59111735638388,461.5576244987214
185.4939514685289,461.6630498711446
175.35445117216202,461.768466202325
166.33602040881325,461.8738734899315
183.2412992948345,461.9792717316334
209.12715538835917,462.08466092509985
165.20834957826108,462.190041068
210.25165224551415,462.2954121580029
182.11485107079142,462.40077419277776
208.0025773498102,462.5061271699937
164.08059716409159,462.61147108731984
197.87771999373413,462.71680594242537
216.99692921783512,462.82213173297936
170.84588808197427,462.92744845665095
175.35445117216202,463.0327561111094
209.12715538835917,463.1380546940237
185.4939514685289,463.243344203063
196.75232952856726,463.3486246358965
203.50345315660158,463.4538959901933
178.73501772871563,463.55915826362263
221.49215836045937,463.6644114538535
182.11485107079142,463.7696555585552
197.87771999373413,463.8748905753966
187.74627801104376,463.9801165020471
194.50130467906845,464.0853333361757
208.0025773498102,464.1905410754517
202.3784690427206,464.295739717544
192.2499545327278,464.40092926012187
213.6246558422858,464.5061097008545
173.10033266160866,464.61128103741095
184.36766609069292,464.71644326746036
191.1241574467015,464.8215963886719
169.71854349219507,464.9267403987146
180.98832140845363,465.0318752952578
182.11485107079142,465.1370010759705
208.0025773498102,465.2421177385218
178.73501772871563,465.347225280581
180.98832140845363,465.4523236998171
204.62835603313653,465.5574129938993
162.95276315704223,465.6624931604967
150.54120135422156,465.7675641972784
175.35445117216202,465.87262610191357
162.95276315704223,465.9776788720715
176.4813881757887,466.08272250542115
192.2499545327278,466.18775699963163
169.71854349219507,466.2927823523722
148.28349199690388,466.39779856131196
189.9982790047195,466.50280562412007
161.82484754790408,466.6078035384656
170.84588808197427,466.7127923020178
167.46360966506433,466.81777191244566
203.50345315660158,466.9227423674184
177.60824369135742,467.02770366460516
147.15451474717293,467.132655801675
159.56877148679467,467.2375987762972
141.5084024514972,467.3425325861408
133.60041081336456,467.447457228875
176.4813881757887,467.5523727021689
152.79858391231133,467.65727900369166
175.35445117216202,467.76217613111226
189.9982790047195,467.86706408210006
168.59111735638388,467.9719428543241
165.20834957826108,468.0768124454535
165.20834957826108,468.1816728531575
176.4813881757887,468.28652407510515
142.6377884112726,468.3913661089656
134.73036930891976,468.496198952408
164.08059716409159,468.6010226031015
179.86171029776344,468.70583705871513
161.82484754790408,468.8106423169182
164.08059716409159,468.9154383753797
157.3123689081687,469.0202252317689
165.20834957826108,469.12500288375475
180.98832140845363,469.2297713290066
170.84588808197427,469.3345305651935
165.20834957826108,469.43928058998466
173.10033266160866,469.544021401049
185.4939514685289,469.64875299605586
161.82484754790408,469.7534753726743
202.3784690427206,469.85818852857346
177.60824369135742,469.9628924614226
199.00302916687306,470.06758716889055
183.2412992948345,470.1722726486468
185.4939514685289,470.2769488983604
164.08059716409159,470.3816159157003
170.84588808197427,470.4862736983358
193.37567027332432,470.590922243936
201.25340368045534,470.69556155017005
170.84588808197427,470.80019161470705
183.2412992948345,470.90481243521623
202.3784690427206,471.0094240093665
175.35445117216202,471.1140263348274
138.11975393925772,471.21861940926766
191.1241574467015,471.3232032303567
159.56877148679467,471.42777779576346
176.4813881757887,471.53234310315725
166.33602040881325,471.636899150207
156.18404515233738,471.74144593458203
186.620155438557,471.8459834539515
177.60824369135742,471.9505117059843
194.50130467906845,472.0550306883498
179.86171029776344,472.1595403987171
173.10033266160866,472.26404083475535
179.86171029776344,472.36853199413355
160.696850327522,472.4730138745211
164.08059716409159,472.57748647358676
201.25340368045534,472.681949789
156.18404515233738,472.7864038184298
155.05563974029556,472.8908485595454
175.35445117216202,472.99528401001584
183.2412992948345,473.09971016751024
183.2412992948345,473.2041270296979
170.84588808197427,473.30853459424776
175.35445117216202,473.4129328588291
164.08059716409159,473.51732182111095
186.620155438557,473.6217014787626
200.12825705881832,473.726071829453
147.15451474717293,473.83043287085144
171.9731511352512,473.9347846006269
184.36766609069292,474.03912701644873
173.10033266160866,474.14346011598593
158.4406110166747,474.2477838969076
165.20834957826108,474.352098356883
166.33602040881325,474.4564034935812
161.82484754790408,474.56069930467135
188.87231919630773,474.66498578782256
182.11485107079142,474.76926294070404
161.82484754790408,474.87353076098475
170.84588808197427,474.9777892463341
191.1241574467015,475.08203839442103
157.3123689081687,475.18627820291476
178.73501772871563,475.2905086694844
164.08059716409159,475.3947297917991
165.20834957826108,475.4989415675279
171.9731511352512,475.6031439943401
203.50345315660158,475.7073370699048
185.4939514685289,475.81152079189104
189.9982790047195,475.91569515796795
182.11485107079142,476.01986016580486
200.12825705881832,476.12401581307074
186.620155438557,476.2281620974348
195.6268577605893,476.33229901656614
202.3784690427206,476.43642656813387
186.620155438557,476.5405447498072
203.50345315660158,476.6446535592553
193.37567027332432,476.74875299414714
178.73501772871563,476.85284305215197
215.8729192091056,476.95692373093897
200.12825705881832,477.0609950281772
177.60824369135742,477.16505694153585
179.86171029776344,477.269109468684
195.6268577605893,477.3731526072909
177.60824369135742,477.47718635502554
153.92715266321238,477.5812107095571
200.12825705881832,477.68522566855484
201.25340368045534,477.7892312296877
168.59111735638388,477.893227390625
176.4813881757887,477.99721414903576
182.11485107079142,478.1011915025892
210.25165224551415,478.20515944895436
187.74627801104376,478.3091179858005
222.61576298187708,478.4130671107966
214.7488280877867,478.517006821612
204.62835603313653,478.62093711591564
205.75317768341463,478.7248579913767
204.62835603313653,478.82876944566453
196.75232952856726,478.932671476448
192.2499545327278,479.03656408139636
204.62835603313653,479.14044725817877
188.87231919630773,479.2443210044643
206.87791811857568,479.34818531792206
213.6246558422858,479.4520401962214
197.87771999373413,479.5558856370312
185.4939514685289,479.65972163802076
201.25340368045534,479.76354819685906
195.6268577605893,479.8673653112155
188.87231919630773,479.971172978759
232.7245591283916,480.07497119715873
206.87791811857568,480.1787599640839
202.3784690427206,480.28253927720357
208.0025773498102,480.38630913418694
214.7488280877867,480.49006953270316
196.75232952856726,480.59382047042124
186.620155438557,480.6975619450104
189.9982790047195,480.80129395413985
179.86171029776344,480.90501649547866
196.75232952856726,481.008729566696
187.74627801104376,481.1124331654609
185.4939514685289,481.2161272894427
202.3784690427206,481.3198119363103
203.50345315660158,481.423487103733
182.11485107079142,481.5271527893799
182.11485107079142,481.63080899092
195.6268577605893,481.73445570602274
202.3784690427206,481.83809293235703
175.35445117216202,481.94172066759205
185.4939514685289,482.045338909397
192.2499545327278,482.14894765544096
167.46360966506433,482.252546903393
193.37567027332432,482.3561366509224
203.50345315660158,482.45971689569825
179.86171029776344,482.5632876353896
195.6268577605893,482.66684886766575
189.9982790047195,482.77040059019566
182.11485107079142,482.8739428006486
173.10033266160866,482.97747549669367
184.36766609069292,483.08099867600004
204.62835603313653,483.1845123362367
175.35445117216202,483.28801647507294
139.24938522357996,483.3915110901779
195.6268577605893,483.4949961792207
195.6268577605893,483.5984717398703
202.3784690427206,483.70193776979613
182.11485107079142,483.8053942666672
184.36766609069292,483.9088412281526
179.86171029776344,484.01227865192146
184.36766609069292,484.115706535643
210.25165224551415,484.21912487698626
195.6268577605893,484.32253367362057
195.6268577605893,484.4259329232149
212.5004024610601,484.52932262343825
192.2499545327278,484.6327027719601
195.6268577605893,484.7360733664494
215.8729192091056,484.8394344045753
187.74627801104376,484.9427858840069
192.2499545327278,485.0461278024135
205.75317768341463,485.149460157464
185.4939514685289,485.2527829468277
204.62835603313653,485.3560961681737
205.75317768341463,485.4593998191711
182.11485107079142,485.5626938974891
204.62835603313653,485.66597840079686
193.37567027332432,485.7692533267635
233.84735387315953,485.872518673058
189.9982790047195,485.97577443734974
186.620155438557,486.0790206173076
213.6246558422858,486.182257210601
182.11485107079142,486.28548421489893
203.50345315660158,486.3887016278705
215.8729192091056,486.4919094471848
202.3784690427206,486.5951076705112
192.2499545327278,486.6982962955186
209.12715538835917,486.80147531987626
246.19275807977445,486.9046447412533
209.12715538835917,487.0078045573189
191.1241574467015,487.110954765742
232.7245591283916,487.214095364192
206.87791811857568,487.3172263503379
221.49215836045937,487.42034772184877
227.10937116732256,487.52345947639395
203.50345315660158,487.62656161164244
200.12825705881832,487.7296541252634
220.36847268516303,487.83273701492595
232.7245591283916,487.93581027829924
220.36847268516303,488.0388739130524
240.58242345073123,488.1419279168546
237.215252635005,488.244972287375
223.7392865613071,488.3480070222826
192.2499545327278,488.45103211924675
249.557989382835,488.55404757593647
222.61576298187708,488.65705339002085
211.37606793261708,488.76004955916915
202.3784690427206,488.8630360810504
233.84735387315953,488.9660129533337
232.7245591283916,489.0689801736884
216.99692921783512,489.1719377397834
242.8267997482,489.27488564928797
224.86272911068997,489.37782389987126
233.84735387315953,489.48075248920236
238.33772377306408,489.58367141495035
220.36847268516303,489.6865806747845
227.10937116732256,489.7894802663739
212.5004024610601,489.8923701873876
193.37567027332432,489.9952504354948
184.36766609069292,490.0981210083648
219.2447059441465,490.2009819036664
219.2447059441465,490.30383311906894
202.3784690427206,490.40667465224163
199.00302916687306,490.50950650085355
211.37606793261708,490.6123286625737
215.8729192091056,490.71514113507135
224.86272911068997,490.8179439160156
205.75317768341463,490.9207370030756
189.9982790047195,491.02352039392053
212.5004024610601,491.1262940862195
194.50130467906845,491.2290580776415
206.87791811857568,491.33181236585597
232.7245591283916,491.4345569485318
228.23257069869973,491.53729182333825
234.970067697556,491.6400169879444
210.25165224551415,491.74273244001944
232.7245591283916,491.8454381772324
219.2447059441465,491.9481341972525
222.61576298187708,492.0508204977489
229.35568924828428,492.15349707639064
230.47872682826267,492.256163930847
228.23257069869973,492.358821058787
224.86272911068997,492.46146845787985
256.2862723121357,492.56410612579464
224.86272911068997,492.6667340602005
224.86272911068997,492.7693522587666
211.37606793261708,492.87196071916213
231.60168345087035,492.9745594390562
228.23257069869973,493.0771484161178
214.7488280877867,493.1797276480162
218.12085812561793,493.2822971324206
236.09270061401148,493.384856867
230.47872682826267,493.4874068494236
249.557989382835,493.58994707736065
216.99692921783512,493.69247754848
228.23257069869973,493.79499826045105
247.3145826111427,493.89750921094287
205.75317768341463,494.00001039762464
224.86272911068997,494.10250181816525
230.47872682826267,494.20498347023414
230.47872682826267,494.3074553515004
227.10937116732256,494.409917459633
214.7488280877867,494.51236979230123
224.86272911068997,494.6148123471742
229.35568924828428,494.71724512192094
208.0025773498102,494.81966811421074
227.10937116732256,494.92208132171265
210.25165224551415,495.02448474209575
240.58242345073123,495.1268783730294
208.0025773498102,495.2292622121825
214.7488280877867,495.3316362572244
188.87231919630773,495.43400050582403
237.215252635005,495.5363549556506
228.23257069869973,495.6386996043733
265.2527996210708,495.74103444966124
266.3732528974518,495.84335948918357
268.61391784265805,495.9456747206093
259.6493246523469,496.0479801416078
282.05114836438906,496.1502757498481
236.09270061401148,496.25256154299933
269.7341295391442,496.35483751873056
240.58242345073123,496.45710367471105
257.4073704036308,496.55936000860976
216.99692921783512,496.66160651809605
228.23257069869973,496.76384320083895
231.60168345087035,496.8660700545076
233.84735387315953,496.9682870767711
276.4537097310174,497.0704942652987
291.0028731031557,497.17269161775937
206.87791811857568,497.27487913182244
234.970067697556,497.37705680515694
251.8010731867607,497.479224635432
276.4537097310174,497.58138262031673
257.4073704036308,497.6835307574804
256.2862723121357,497.7856690445921
286.52765301251463,497.8877974793208
291.0028731031557,497.9899160593359
304.42083549313855,498.09202478230634
323.40989083271774,498.1941236459013
320.0605586430655,498.29621264779
337.91537227383765,498.3982917856415
336.80004386948684,498.50036105712496
328.99051578794257,498.6024204599096
322.2935265696683,498.7044699916644
337.91537227383765,498.80650965005856
361.3189147857852,498.90853943276124
362.4324966284048,499.01055933744163
361.3189147857852,499.11256936176875
385.79944936883004,499.2145695034119
390.2463516151545,499.31655976004
378.0143353489425,499.4185401293223
421.33945826483546,499.52051060892796
410.2418381133181,499.6224711965262
410.2418381133181,499.7244218897859
434.6462805521497,499.82636268637646
447.94187483323543,499.92829358396693
450.15671803778,500.03021458022636
461.2262759537288,500.132125672824
465.6519284184804,500.234026859429
471.1822526516696,500.33591813771034
473.3938411311079,500.4377995053373
480.0267531770944,500.53967095997905
491.0754388485802,500.64153249930456
496.5968962041547,500.7433841209831
482.23710662855336,500.84522582268374
474.49951948080394,500.94705760207574
478.9214607739315,501.04887945682816
498.8049413841852,501.15069138461007
459.01298490253936,501.25249338309067
443.51125549315947,501.3542854499391
425.77631537096505,501.4560675828245
421.33945826483546,501.55783977941604
406.91102408657355,501.65960203738274
442.40340617901177,501.76135435439386
431.32062895097454,501.8630967281185
388.02305804906456,501.9648291562258
379.126731177427,502.0665516363849
381.3512860789763,502.1682641662649
327.87455025777786,502.26996674353495
323.40989083271774,502.3716593658642
359.0915134563637,502.47334203092186
347.9497494207403,502.57501473637694
322.2935265696683,502.6766774798987
327.87455025777786,502.7783302591562
335.68463588199427,502.8799730718186
326.7585050133522,502.981605915555
334.56914829482355,503.08322878803466
318.9439549475789,503.1848416869265
304.42083549313855,503.2864446098999
303.30311257269415,503.38803755462385
328.99051578794257,503.48962051876754
350.17873700540565,503.5911935
325.6423800384652,503.69275649599047
372.4511717077648,503.79430950440815
331.2222077705026,503.89585252292216
347.9497494207403,503.9973855492015
345.7204441741385,504.09890858091535
325.6423800384652,504.2004216157329
314.4767415805089,504.30192465132336
305.5384783681044,504.4034176853558
312.242655524919,504.5049007154993
301.0674265342312,504.60637373942296
295.4768095768923,504.7078367547961
308.89092687374426,504.80928975928776
301.0674265342312,504.91073275056704
313.35973851348496,505.0121657263031
303.30311257269415,505.1135886841651
280.93182138112286,505.2150016218222
275.3339808177821,505.31640453694354
299.94946338575306,505.4177974271981
298.83142013087763,505.51918029025524
274.21417147584333,505.62055312378396
298.83142013087763,505.7219159254535
311.12549259916693,505.82326869293297
303.30311257269415,505.92461142389135
254.04383412793607,506.02594411599796
302.1853095914756,506.1272667669219
282.05114836438906,506.22857937433224
283.17039500468996,506.3298819358982
303.30311257269415,506.43117444928885
308.89092687374426,506.5324569121734
277.57335822972493,506.633729322221
307.7735240430022,506.7349916771007
282.05114836438906,506.8362439744817
265.2527996210708,506.937486212033
275.3339808177821,507.038718387424
276.4537097310174,507.1399404983236
257.4073704036308,507.2411525424011
276.4537097310174,507.34235451732553
280.93182138112286,507.44354642076604
234.970067697556,507.5447282503918
258.52838784588994,507.64590000387204
291.0028731031557,507.7470616788757
238.33772377306408,507.8482132730721
246.19275807977445,507.9493547841302
258.52838784588994,508.05048620971917
258.52838784588994,508.1516075475084
232.7245591283916,508.2527187951667
250.67957164922296,508.3538199503634
264.1322657904745,508.4549110107676
255.16509355801736,508.5559919740484
256.2862723121357,508.657062837875
227.10937116732256,508.7581235999165
249.557989382835,508.859174257842
229.35568924828428,508.96021480932063
245.0708527674284,509.06124525202165
222.61576298187708,509.1622655836141
234.970067697556,509.2632758017672
245.0708527674284,509.36427590414996
248.4363263744935,509.4652658884316
219.2447059441465,509.56624575228125
224.86272911068997,509.667215493368
246.19275807977445,509.7681751093611
232.7245591283916,509.8691245979295
239.46011404076472,509.97006395674254
250.67957164922296,510.0709931834692
230.47872682826267,510.1719122757788
232.7245591283916,510.2728212313404
231.60168345087035,510.37372004782304
254.04383412793607,510.47460872289594
246.19275807977445,510.5754872542282
225.98609064201543,510.67635563948903
243.94886666119183,510.77721387634733
222.61576298187708,510.87806196247277
232.7245591283916,510.97889989553386
256.2862723121357,511.0797276732001
214.7488280877867,511.18054529314065
213.6246558422858,511.2813527530244
224.86272911068997,511.38215005052075
202.3784690427206,511.4829371832987
225.98609064201543,511.58371414902746
236.09270061401148,511.68448094537604
208.0025773498102,511.7852375700137
220.36847268516303,511.8859840206094
233.84735387315953,511.98672029483254
203.50345315660158,512.0874463903522
227.10937116732256,512.1881623048373
237.215252635005,512.2888680359572
264.1322657904745,512.389563581381
221.49215836045937,512.4902489387779
238.33772377306408,512.5909241058168
265.2527996210708,512.6915890801671
254.04383412793607,512.7922438594976
222.61576298187708,512.8928884414778
240.58242345073123,512.9935228237766
219.2447059441465,513.0941470040635
221.49215836045937,513.1947609800071
245.0708527674284,513.2953647492769
231.60168345087035,513.3959583095419
242.8267997482,513.4965416584714
224.86272911068997,513.5971147937344
223.7392865613071,513.697677713
238.33772377306408,513.7982304139374
210.25165224551415,513.8987728942158
273.0942816910712,513.9993051515042
261.89095641182496,514.0998271834719
250.67957164922296,514.200338987788
249.557989382835,514.3008405621214
261.89095641182496,514.4013319041414
234.970067697556,514.5018130115175
216.99692921783512,514.6022838819181
233.84735387315953,514.7027445130129
238.33772377306408,514.803194902471
223.7392865613071,514.9036350479613
267.4936256333785,515.0040649471532
238.33772377306408,515.1044845977156
245.0708527674284,515.2048939973176
285.40864731423613,515.3052931436285
228.23257069869973,515.4056820343177
241.70465201563604,515.5060606670537
258.52838784588994,515.6064290395061
260.77018083648267,515.706787149344
230.47872682826267,515.8071349942363
229.35568924828428,515.9074725718525
258.52838784588994,516.0077998798615
260.77018083648267,516.1081169159324
268.61391784265805,516.2084236777343
274.21417147584333,516.3087201629367
275.3339808177821,516.4090063692083
277.57335822972493,516.5092822942185
263.01165139194853,516.6095479356363
345.7204441741385,516.7098032911309
350.17873700540565,516.8100483583717
386.9112931074106,516.9102831350273
349.06428291232453,517.0105076187672
399.1363776973869,517.1107218072605
451.26402309502686,517.2109256981761
548.4051241711603,517.3111192891834
519.7660823879007,517.4113025779517
471.1822526516696,517.5114755621496
460.1196691803667,517.6116382394467
426.88533427047395,517.711790607512
424.66721834027794,517.8119326640145
413.5719465137356,517.9120644066236
352.4074070642283,518.0121858330083
355.74981709081953,518.1122969408376
381.3512860789763,518.212397727781
505.42723544415367,518.3124881915072
580.2882878078547,518.4125683296854
596.7547751013664,518.5126381399851
553.9067498016828,518.6126976200753
528.583572879291,518.7127467676249
513.1497590561842,518.8127855803033
498.8049413841852,518.9128140557796
459.01298490253936,519.0128321917227
394.6919939955413,519.1128399858021
347.9497494207403,519.2128374356868
332.3379342555097,519.3128245390454
313.35973851348496,519.412801293548
371.338301954105,519.5127676968631
324.5261753169589,519.6127237466601
294.3584457456738,519.7126694406079
313.35973851348496,519.812604776376
328.99051578794257,519.9125297516331
283.17039500468996,520.0124443640487
302.1853095914756,520.1123486112917
269.7341295391442,520.2122424910314
266.3732528974518,520.3121260009367
259.6493246523469,520.4119991386771
260.77018083648267,520.5118619019215
264.1322657904745,520.611714288339
261.89095641182496,520.711556295599
277.57335822972493,520.8113879213704
293.2400017329027,520.9112091633224
269.7341295391442,521.011020019124
316.7105080127233,521.1108204864445
293.2400017329027,521.2106105629531
260.77018083648267,521.3103902463188
257.4073704036308,521.4101595342108
252.92249400859902,521.5099184242982
231.60168345087035,521.6096669142503
265.2527996210708,521.7094050017361
287.64657842589406,521.8091326844245
240.58242345073123,521.9088499599851
259.6493246523469,522.0085568260866
265.2527996210708,522.1082532803986
273.0942816910712,522.2079393205898
259.6493246523469,522.3076149443297
257.4073704036308,522.4072801492872
311.12549259916693,522.5069349331316
260.77018083648267,522.6065792935317
255.16509355801736,522.706213228157
287.64657842589406,522.8058367346765
255.16509355801736,522.9054498107594
248.4363263744935,523.0050524540749
249.557989382835,523.1046446622918
265.2527996210708,523.2042264330796
247.3145826111427,523.3037977641073
268.61391784265805,523.4033586530442
267.4936256333785,523.502909097559
261.89095641182496,523.6024490953213
270.8542607367368,523.7019786440001
282.05114836438906,523.8014977412643
232.7245591283916,523.9010063847835
255.16509355801736,524.0005045722263
245.0708527674284,524.0999923012622
250.67957164922296,524.1994695695603
236.09270061401148,524.2989363747898
236.09270061401148,524.3983927146196
228.23257069869973,524.497838586719
241.70465201563604,524.5972739887571
246.19275807977445,524.696698918403
218.12085812561793,524.796113373326
234.970067697556,524.8955173511948
206.87791811857568,524.9949108496792
236.09270061401148,525.094293866448
215.8729192091056,525.1936663991702
214.7488280877867,525.293028445515
218.12085812561793,525.3923800031517
238.33772377306408,525.4917210697494
258.52838784588994,525.591051642977
248.4363263744935,525.690371720504
213.6246558422858,525.7896812999993
234.970067697556,525.888980379132
255.16509355801736,525.9882689555715
267.4936256333785,526.0875470269867
339.0306211116251,526.1868145910469
375.7893068462001,526.286071645421
373.56396242907743,526.3853181877785
418.0109943035909,526.4845542157881
460.1196691803667,526.5837797271192
451.26402309502686,526.6829947194409
413.5719465137356,526.7821991904225
375.7893068462001,526.8813931377327
473.3938411311079,526.9805765590412
519.7660823879007,527.0797494520168
460.1196691803667,527.1789118143287
418.0109943035909,527.2780636436459
403.5795039178219,527.3772049376378
342.37589039201396,527.4763356939733
352.4074070642283,527.5754559103216
295.4768095768923,527.674565584352
256.2862723121357,527.7736647137335
232.7245591283916,527.8727532961352
247.3145826111427,527.9718313292263
227.10937116732256,528.070898810676
221.49215836045937,528.1699557381534
223.7392865613071,528.2690021093275
233.84735387315953,528.3680379218677
228.23257069869973,528.4670631734427
241.70465201563604,528.5660778617222
243.94886666119183,528.665081984375
230.47872682826267,528.7640755390702
220.36847268516303,528.8630585234771
263.01165139194853,528.9620309352649
186.620155438557,529.0609927721025
204.62835603313653,529.159944031659
229.35568924828428,529.2588847116041
197.87771999373413,529.3578148096061
204.62835603313653,529.4567343233348
237.215252635005,529.5556432504591
222.61576298187708,529.654541588648
199.00302916687306,529.7534293355708
221.49215836045937,529.8523064888967
214.7488280877867,529.9511730462948
214.7488280877867,530.0500290054342
202.3784690427206,530.1488743639839
211.37606793261708,530.2477091196131
224.86272911068997,530.3465332699914
216.99692921783512,530.4453468127872
222.61576298187708,530.54414974567
208.0025773498102,530.6429420663089
202.3784690427206,530.7417237723732
229.35568924828428,530.8404948615319
227.10937116732256,530.9392553314541
223.7392865613071,531.038005179809
236.09270061401148,531.1367444042655
205.75317768341463,531.2354730024933
214.7488280877867,531.3341909721609
201.25340368045534,531.4328983109378
223.7392865613071,531.5315950164933
200.12825705881832,531.6302810864961
219.2447059441465,531.7289565186154
219.2447059441465,531.8276213105207
211.37606793261708,531.9262754598808
211.37606793261708,532.0249189643649
223.7392865613071,532.1235518216424
175.35445117216202,532.222174029382
237.215252635005,532.3207855852531
219.2447059441465,532.419386486925
258.52838784588994,532.5179767320666
213.6246558422858,532.616556318347
222.61576298187708,532.7151252434355
271.97431144938173,532.813683505001
238.33772377306408,532.912231100713
241.70465201563604,533.0107680282402
239.46011404076472,533.1092942852521
236.09270061401148,533.2078098694176
227.10937116732256,533.3063147784062
248.4363263744935,533.4048090098865
228.23257069869973,533.5032925615282
221.49215836045937,533.601765431
221.49215836045937,533.7002276159712
236.09270061401148,533.798679114111
195.6268577605893,533.8971199230886
214.7488280877867,533.9955500405725
234.970067697556,534.0939694642328
257.4073704036308,534.1923781917382
237.215252635005,534.2907762207576
251.8010731867607,534.3891635489606
241.70465201563604,534.487540174016
203.50345315660158,534.585906093593
227.10937116732256,534.6842613053608
200.12825705881832,534.7826058069886
233.84735387315953,534.8809395961453
279.81241404048785,534.9792626705002
302.1853095914756,535.0775750277226
283.17039500468996,535.1758766654814
256.2862723121357,535.2741675814458
240.58242345073123,535.372447773285
243.94886666119183,535.4707172386679
242.8267997482,535.5689759752639
221.49215836045937,535.6672239807423
222.61576298187708,535.7654612527716
214.7488280877867,535.8636877890217
221.49215836045937,535.9619035871611
204.62835603313653,536.0601086448594
203.50345315660158,536.1583029597854
206.87791811857568,536.2564865296084
215.8729192091056,536.3546593519977
213.6246558422858,536.4528214246222
215.8729192091056,536.550972745151
237.215252635005,536.6491133112532
188.87231919630773,536.7472431205986
251.8010731867607,536.8453621708553
219.2447059441465,536.9434704596931
231.60168345087035,537.0415679847811
215.8729192091056,537.1396547437884
242.8267997482,537.2377307343838
210.25165224551415,537.3357959542369
229.35568924828428,537.4338504010166
209.12715538835917,537.5318940723919
236.09270061401148,537.6299269660324
196.75232952856726,537.7279490796068
206.87791811857568,537.8259604107844
201.25340368045534,537.9239609572344
214.7488280877867,538.0219507166258
214.7488280877867,538.1199296866279
224.86272911068997,538.2178978649097
229.35568924828428,538.3158552491404
209.12715538835917,538.4138018369891
206.87791811857568,538.5117376261251
197.87771999373413,538.6096626142172
227.10937116732256,538.7075767989347
239.46011404076472,538.805480177947
227.10937116732256,538.9033727489228
211.37606793261708,539.0012545095316
220.36847268516303,539.0991254574424
224.86272911068997,539.1969855903243
194.50130467906845,539.2948349058463
196.75232952856726,539.3926734016779
230.47872682826267,539.4905010754879
199.00302916687306,539.5883179249457
206.87791811857568,539.6861239477204
242.8267997482,539.7839191414809
218.12085812561793,539.8817035038966
227.10937116732256,539.9794770326363
219.2447059441465,540.0772397253696
218.12085812561793,540.1749915797653
211.37606793261708,540.2727325934928
212.5004024610601,540.3704627642209
221.49215836045937,540.468182089619
230.47872682826267,540.5658905673561
224.86272911068997,540.6635881951015
219.2447059441465,540.7612749705241
211.37606793261708,540.8589508912933
222.61576298187708,540.9566159550782
251.8010731867607,541.0542701595476
208.0025773498102,541.1519135023711
222.61576298187708,541.2495459812175
220.36847268516303,541.3471675937561
240.58242345073123,541.444778337656
219.2447059441465,541.5423782105863
206.87791811857568,541.6399672102164
222.61576298187708,541.7375453342149
221.49215836045937,541.8351125802513
220.36847268516303,541.9326689459949
220.36847268516303,542.0302144291145
205.75317768341463,542.1277490272794
256.2862723121357,542.2252727381588
200.12825705881832,542.3227855594214
228.23257069869973,542.4202874887369
229.35568924828428,542.5177785237744
212.5004024610601,542.6152586622027
213.6246558422858,542.712727901691
206.87791811857568,542.8101862399087
196.75232952856726,542.9076336745246
247.3145826111427,543.0050702032081
239.46011404076472,543.1024958236284
215.8729192091056,543.1999105334543
214.7488280877867,543.297314330355
210.25165224551415,543.394707212
233.84735387315953,543.4920891760581
242.8267997482,543.5894602201986
210.25165224551415,543.6868203420905
215.8729192091056,543.7841695394031
232.7245591283916,543.8815078098053
240.58242345073123,543.9788351509666
208.0025773498102,544.0761515605558
215.8729192091056,544.1734570362422
228.23257069869973,544.2707515756948
222.61576298187708,544.368035176583
214.7488280877867,544.4653078365758
236.09270061401148,544.5625695533421
223.7392865613071,544.6598203245514
230.47872682826267,544.7570601478727
220.36847268516303,544.8542890209752
222.61576298187708,544.9515069415278
236.09270061401148,545.0487139071998
212.5004024610601,545.1459099156605
231.60168345087035,545.2430949645789
216.99692921783512,545.340269051624
223.7392865613071,545.4374321744651
208.0025773498102,545.5345843307714
236.09270061401148,545.6317255182116
249.557989382835,545.7288557344556
234.970067697556,545.8259749771718
240.58242345073123,545.9230832440298
220.36847268516303,546.0201805326985
249.557989382835,546.1172668408473
221.49215836045937,546.214342166145
215.8729192091056,546.311406506261
236.09270061401148,546.4084598588643
233.84735387315953,546.505502221624
213.6246558422858,546.6025335922095
209.12715538835917,546.6995539682895
243.94886666119183,546.7965633475336
221.49215836045937,546.8935617276106
209.12715538835917,546.9905491061899
215.8729192091056,547.0875254809405
237.215252635005,547.1844908495315
220.36847268516303,547.281445209632
258.52838784588994,547.3783885589113
231.60168345087035,547.4753208950385
255.16509355801736,547.5722422156825
228.23257069869973,547.6691525185129
259.6493246523469,547.7660518011984
252.92249400859902,547.8629400614083
251.8010731867607,547.9598172968118
312.242655524919,548.056683505078
274.21417147584333,548.153538683876
247.3145826111427,548.2503828308751
261.89095641182496,548.3472159437441
261.89095641182496,548.4440380201523
287.64657842589406,548.5408490577692
293.2400017329027,548.6376490542632
261.89095641182496,548.734438007304
257.4073704036308,548.8312159145607
294.3584457456738,548.9279827737023
301.0674265342312,549.0247385823981
254.04383412793607,549.1214833383169
254.04383412793607,549.218217039128
285.40864731423613,549.3149396825006
271.97431144938173,549.4116512661041
298.83142013087763,549.5083517876069
315.59366474167814,549.6050412446788
276.4537097310174,549.7017196349888
305.5384783681044,549.7983869562061
317.8272714094181,549.8950432059994
304.42083549313855,549.9916883820383
311.12549259916693,550.0883224819918
303.30311257269415,550.184945503529
307.7735240430022,550.2815574443191
302.1853095914756,550.378158302031
296.59509324150054,550.4747480743342
280.93182138112286,550.5713267588977
287.64657842589406,550.6678943533907
258.52838784588994,550.764450855482
310.0082497206278,550.8609962628411
267.4936256333785,550.9575305731372
287.64657842589406,551.0540537840388
332.3379342555097,551.150565893216
330.10640162008923,551.2470668983373
349.06428291232453,551.3435567970718
343.49082113016215,551.440035587089
326.7585050133522,551.5365032660577
308.89092687374426,551.6329598316473
313.35973851348496,551.729405281527
316.7105080127233,551.8258396133656
284.28956131647436,551.9222628248322
273.0942816910712,552.0186749135964
302.1853095914756,552.115075877327
287.64657842589406,552.2114657136932
278.6929263281261,552.3078444203642
283.17039500468996,552.4042119950091
291.0028731031557,552.5005684352969
297.71329675448527,552.5969137388971
310.0082497206278,552.6932479034786
303.30311257269415,552.7895709267104
295.4768095768923,552.8858828062619
287.64657842589406,552.9821835398019
299.94946338575306,553.0784731249998
284.28956131647436,553.174751559525
294.3584457456738,553.2710188410462
295.4768095768923,553.3672749672326
291.0028731031557,553.4635199357534
317.8272714094181,553.5597537442778
340.14579039946904,553.655976390475
320.0605586430655,553.7521878720139
335.68463588199427,553.8483881865637
328.99051578794257,553.9445773317938
331.2222077705026,554.040755305373
306.65604121293126,554.1369221049706
321.1770825117802,554.2330777282557
317.8272714094181,554.3292221728975
303.30311257269415,554.4253554365652
277.57335822972493,554.5214775169277
318.9439549475789,554.6175884116543
292.1214775236811,554.7136881184139
282.05114836438906,554.8097766348761
298.83142013087763,554.9058539587097
283.17039500468996,555.0019200875839
266.3732528974518,555.097975019168
296.59509324150054,555.1940187511309
294.3584457456738,555.2900512811418
256.2862723121357,555.38607260687
267.4936256333785,555.4820827259844
285.40864731423613,555.5780816361541
275.3339808177821,555.6740693350488
288.7654235690037,555.7700458203369
287.64657842589406,555.8660110896878
271.97431144938173,555.961965140771
307.7735240430022,556.0579079712552
306.65604121293126,556.1538395788097
270.8542607367368,556.2497599611036
287.64657842589406,556.345669115806
302.1853095914756,556.441567040586
280.93182138112286,556.5374537331131
286.52765301251463,556.633329191056
289.8841884565179,556.729193412084
293.2400017329027,556.8250463938663
299.94946338575306,556.920888134072
252.92249400859902,557.0167186303702
271.97431144938173,557.11253788043
265.2527996210708,557.2083458819208
280.93182138112286,557.3041426325112
304.42083549313855,557.3999281298709
261.89095641182496,557.4957023716687
260.77018083648267,557.5914653555739
280.93182138112286,557.6872170792556
304.42083549313855,557.782957540383
293.2400017329027,557.878686736625
245.0708527674284,557.9744046656509
307.7735240430022,558.07011132513
283.17039500468996,558.1658067127311
365.77276707774803,558.2614908261237
432.42925749059265,558.3571636629766
411.3519526241635,558.4528252209591
411.3519526241635,558.5484754977405
398.0253997077363,558.6441144909896
385.79944936883004,558.7397421983758
445.72672070593944,558.8353586175681
575.8943758745739,558.9309637462355
842.8653887578355,559.0265575820476
926.976772950383,559.1221401226732
989.2590181710722,559.2177113657813
909.7564875352682,559.3132713090413
789.8136975355839,559.4088199501224
790.8980533905114,559.5043572866934
846.1080677297737,559.5998833164239
700.6557791216854,559.6953980369826
652.6156328584435,559.790901446039
635.1113707134816,559.8863935412619
636.2059396303852,559.9818743203208
570.4002949144807,560.0773437808843
539.5985834549597,560.1728019206221
556.1068705244371,560.2682487372031
530.7871835016186,560.3636842282964
540.6996665419761,560.4591083915712
567.1029433001692,560.5545212246967
642.7718044308183,560.6499227253419
643.865857351982,560.7453128911761
606.6265958284234,560.8406917198682
492.17988405319227,560.9360592090874
420.23004851330506,561.0314153565031
354.63575973395535,561.1267601597841
331.2222077705026,561.2220936165999
318.9439549475789,561.3174157246193
269.7341295391442,561.4127264815115
263.01165139194853,561.5080258849459
273.0942816910712,561.6033139325913
257.4073704036308,561.698590622117
283.17039500468996,561.7938559511921
270.8542607367368,561.8891099174858
252.92249400859902,561.9843525186672
268.61391784265805,562.0795837524055
256.2862723121357,562.1748036163697
227.10937116732256,562.2700121082289
236.09270061401148,562.3652092256524
230.47872682826267,562.4603949663094
241.70465201563604,562.5555693278689
220.36847268516303,562.650732308
229.35568924828428,562.745883904372
205.75317768341463,562.8410241146537
230.47872682826267,562.9361529365146
232.7245591283916,563.0312703676238
215.8729192091056,563.1263764056504
221.49215836045937,563.2214710482633
216.99692921783512,563.316554293132
214.7488280877867,563.4116261379255
205.75317768341463,563.5066865803126
206.87791811857568,563.6017356179631
216.99692921783512,563.6967732485455
213.6246558422858,563.7917994697293
230.47872682826267,563.8868142791836
243.94886666119183,563.9818176745775
218.12085812561793,564.0768096535802
218.12085812561793,564.1717902138606
202.3784690427206,564.2667593530881
232.7245591283916,564.3617170689316
214.7488280877867,564.4566633590607
200.12825705881832,564.551598221144
221.49215836045937,564.6465216528508
202.3784690427206,564.7414336518505
213.6246558422858,564.8363342158119
212.5004024610601,564.9312233424043
230.47872682826267,565.0261010292969
204.62835603313653,565.1209672741586
213.6246558422858,565.2158220746588
237.215252635005,565.3106654284665
220.36847268516303,565.4054973332508
212.5004024610601,565.5003177866809
236.09270061401148,565.595126786426
218.12085812561793,565.6899243301552
218.12085812561793,565.7847104155376
203.50345315660158,565.8794850402425
247.3145826111427,565.9742482019386
230.47872682826267,566.0689998982956
251.8010731867607,566.1637401269821
271.97431144938173,566.2584688856676
291.0028731031557,566.3531861720212
275.3339808177821,566.447891983712
257.4073704036308,566.542586318409
258.52838784588994,566.6372691737816
268.61391784265805,566.7319405474988
239.46011404076472,566.8266004372297
268.61391784265805,566.9212488406433
276.4537097310174,567.0158857554092
273.0942816910712,567.110511179196
256.2862723121357,567.2051251096731
276.4537097310174,567.2997275445098
260.77018083648267,567.394318481375
275.3339808177821,567.4888979179378
268.61391784265805,567.5834658518676
280.93182138112286,567.6780222808334
267.4936256333785,567.7725672025041
287.64657842589406,567.8671006145491
292.1214775236811,567.9616225146375
267.4936256333785,568.0561329004386
270.8542607367368,568.1506317696211
288.7654235690037,568.2451191198546
250.67957164922296,568.339594948808
261.89095641182496,568.4340592541504
252.92249400859902,568.5285120335512
247.3145826111427,568.6229532846792
267.4936256333785,568.7173830052037
252.92249400859902,568.8118011927938
236.09270061401148,568.9062078451188
201.25340368045534,569.0006029598476
230.47872682826267,569.0949865346495
223.7392865613071,569.1893585671936
223.7392865613071,569.283719055149
229.35568924828428,569.3780679961848
220.36847268516303,569.4724053879703
220.36847268516303,569.5667312281745
185.4939514685289,569.6610455144665
214.7488280877867,569.7553482445156
186.620155438557,569.8496394159907
212.5004024610601,569.9439190265614
233.84735387315953,570.0381870738963
218.12085812561793,570.1324435556647
201.25340368045534,570.226688469536
254.04383412793607,570.3209218131791
266.3732528974518,570.4151435842631
267.4936256333785,570.5093537804571
335.68463588199427,570.6035523994307
321.1770825117802,570.6977394388523
247.3145826111427,570.7919148963916
250.67957164922296,570.8860787697176
229.35568924828428,570.9802310564994
203.50345315660158,571.0743717544062
243.94886666119183,571.1685008611071
239.46011404076472,571.262618374271
210.25165224551415,571.3567242915674
209.12715538835917,571.4508186106654
168.59111735638388,571.5449013292338
185.4939514685289,571.638972444942
178.73501772871563,571.7330319554593
208.0025773498102,571.8270798584545
197.87771999373413,571.921116151597
204.62835603313653,572.0151408325559
173.10033266160866,572.1091538989999
155.05563974029556,572.2031553485989
182.11485107079142,572.2971451790214
187.74627801104376,572.3911233879368
182.11485107079142,572.4850899730142
178.73501772871563,572.5790449319229
171.9731511352512,572.6729882623317
169.71854349219507,572.7669199619102
169.71854349219507,572.860840028327
156.18404515233738,572.9547484592516
141.5084024514972,573.048645252353
159.56877148679467,573.1425304053005
177.60824369135742,573.2364039157628
149.4123875297522,573.3302657814097
165.20834957826108,573.4241159999099
166.33602040881325,573.5179545689325
157.3123689081687,573.611781486147
149.4123875297522,573.7055967492222
179.86171029776344,573.7994003558274
123.42710142942668,573.8931923036316
129.07975853006374,573.986972590304
159.56877148679467,574.0807412135138
187.74627801104376,574.1744981709302
165.20834957826108,574.268243460222
138.11975393925772,574.3619770790586
131.34024834730226,574.4556990251093
150.54120135422156,574.549409296043
173.10033266160866,574.6431078895289
168.59111735638388,574.7367948032362
174.22743267068262,574.8304700348339
175.35445117216202,574.9241335819909
199.00302916687306,575.017785442377
139.24938522357996,575.1114256136608
186.620155438557,575.2050540935118
175.35445117216202,575.2986708795988
134.73036930891976,575.3922759695912
143.76709261247174,575.4858693611578
171.9731511352512,575.5794510519682
152.79858391231133,575.6730210396913
173.10033266160866,575.7665793219961
177.60824369135742,575.8601258965521
138.11975393925772,575.9536607610279
180.98832140845363,576.0471839130932
151.66993347887026,576.1406953504169
186.620155438557,576.234195070668
177.60824369135742,576.3276830715158
252.92249400859902,576.4211593506296
320.0605586430655,576.5146239056781
252.92249400859902,576.6080767343308
232.7245591283916,576.7015178342568
216.99692921783512,576.7949472031249
179.86171029776344,576.8883648386047
166.33602040881325,576.9817707383652
149.4123875297522,577.0751649000754
175.35445117216202,577.1685473214045
159.56877148679467,577.2619180000216
139.24938522357996,577.355276933596
159.56877148679467,577.4486241197966
147.15451474717293,577.5419595562928
146.02545577211063,577.6352832407534
160.696850327522,577.7285951708479
152.79858391231133,577.8218953442454
168.59111735638388,577.9151837586147
126.81894130094628,578.0084604116253
141.5084024514972,578.1017253009461
165.20834957826108,578.1949784242464
146.02545577211063,578.2882197791952
139.24938522357996,578.3814493634618
116.6412104656942,578.474667174715
157.3123689081687,578.5678732106245
152.79858391231133,578.661067468859
126.81894130094628,578.7542499470877
121.16546541095403,578.8474206429798
125.68840988820949,578.9405795542045
120.03452454881763,579.033726678431
133.60041081336456,579.1268620133282
156.18404515233738,579.2199855565652
133.60041081336456,579.3130973058114
144.8963150633232,579.4061972587358
147.15451474717293,579.4992854130077
146.02545577211063,579.592361766296
147.15451474717293,579.68542631627
135.86024598985114,579.7784790605987
141.5084024514972,579.8715199969513
135.86024598985114,579.964549122997
123.42710142942668,580.057566436405
142.6377884112726,580.150571934844
147.15451474717293,580.2435656159839
131.34024834730226,580.336547477493
168.59111735638388,580.4295175170411
120.03452454881763,580.5224757322969
122.29632436876906,580.6154221209299
147.15451474717293,580.708356680609
139.24938522357996,580.8012794090034
121.16546541095403,580.8941903037822
131.34024834730226,580.9870893626145
159.56877148679467,581.0799765831698
121.16546541095403,581.1728519631166
117.77239708320928,581.2657155001245
155.05563974029556,581.3585671918627
109.85236994129919,581.451407036
122.29632436876906,581.5442350302056
134.73036930891976,581.637051172149
114.3785914265627,581.7298554594989
123.42710142942668,581.8226478899246
127.94939084574867,581.9154284610955
143.76709261247174,582.0081971706802
138.11975393925772,582.1009540163482
144.8963150633232,582.1936989957685
131.34024834730226,582.2864321066105
127.94939084574867,582.379153346543
136.99004086399856,582.4718627132353
138.11975393925772,582.5645602043566
132.4703704954014,582.6572458175758
125.68840988820949,582.7499195505623
130.21004436139503,582.8425814009851
117.77239708320928,582.9352313665133
132.4703704954014,583.0278694448162
121.16546541095403,583.1204956335629
141.5084024514972,583.2131099304225
144.8963150633232,583.3057123330641
123.42710142942668,583.3983028391567
156.18404515233738,583.4908814463696
121.16546541095403,583.5834481523722
143.76709261247174,583.676002954833
134.73036930891976,583.7685458514219
121.16546541095403,583.8610768398074
135.86024598985114,583.953595917659
130.21004436139503,584.0461030826457
124.55779660014767,584.1385983324367
133.60041081336456,584.231081664701
147.15451474717293,584.3235530771079
135.86024598985114,584.4160125673266
133.60041081336456,584.5084601330258
134.73036930891976,584.6008957718751
135.86024598985114,584.6933194815435
112.11564460305824,584.7857312597002
133.60041081336456,584.8781311040144
147.15451474717293,584.9705190121548
116.6412104656942,585.0628949817911
124.55779660014767,585.155259010592
140.3789347249723,585.2476110962269
123.42710142942668,585.3399512363648
127.94939084574867,585.432279428675
157.3123689081687,585.5245956708263
165.20834957826108,585.6168999604884
170.84588808197427,585.7091922953299
249.557989382835,585.8014726730203
237.215252635005,585.8937410912284
212.5004024610601,585.9859975476236
194.50130467906845,586.078242039875
167.46360966506433,586.1704745656516
147.15451474717293,586.2626951226229
136.99004086399856,586.3549037084574
153.92715266321238,586.4471003208248
152.79858391231133,586.5392849573941
165.20834957826108,586.6314576158344
167.46360966506433,586.7236182938148
173.10033266160866,586.8157669890044
126.81894130094628,586.9079036990724
133.60041081336456,587.000028421688
144.8963150633232,587.0921411545203
132.4703704954014,587.1842418952383
144.8963150633232,587.2763306415113
138.11975393925772,587.3684073910085
155.05563974029556,587.4604721413989
134.73036930891976,587.5525248903516
150.54120135422156,587.6445656355359
133.60041081336456,587.7365943746207
120.03452454881763,587.8286111052753
132.4703704954014,587.9206158251691
150.54120135422156,588.0126085319706
115.50994191577158,588.1045892233494
136.99004086399856,588.1965578969747
129.07975853006374,588.2885145505154
125.68840988820949,588.3804591816406
121.16546541095403,588.4723917880196
166.33602040881325,588.5643123673216
142.6377884112726,588.6562209172155
152.79858391231133,588.7481174353707
171.9731511352512,588.840001919456
285.40864731423613,588.9318743671408
597.8519424990294,589.0237347760943
635.1113707134816,589.1155831439854
366.886032259882,589.2074194684834
246.19275807977445,589.2992437472574
215.8729192091056,589.3910559779765
229.35568924828428,589.4828561583098
345.7204441741385,589.5746442859268
561.6058501493313,589.666420358496
381.3512860789763,589.758184373687
256.2862723121357,589.8499363291688
210.25165224551415,589.9416762226106
164.08059716409159,590.0334040516815
142.6377884112726,590.1251198140507
146.02545577211063,590.2168235073871
152.79858391231133,590.3085151293602
120.03452454881763,590.4001946776389
131.34024834730226,590.4918621498922
159.56877148679467,590.5835175437895
133.60041081336456,590.6751608569999
140.3789347249723,590.7667920871926
148.28349199690388,590.8584112320366
138.11975393925772,590.950018289201
121.16546541095403,591.041613256355
97.39849687270662,591.1331961311679
120.03452454881763,591.2247669113085
106.45684313633505,591.3163255944462
121.16546541095403,591.4078721782502
132.4703704954014,591.4994066603894
110.98404825529218,591.590929038533
120.03452454881763,591.6824393103502
127.94939084574867,591.7739374735102
153.92715266321238,591.8654235256819
140.3789347249723,591.9568974645347
127.94939084574867,592.0483592877376
151.66993347887026,592.1398089929597
130.21004436139503,592.2312465778704
114.3785914265627,592.3226720401385
131.34024834730226,592.4140853774334
122.29632436876906,592.505486587424
139.24938522357996,592.5968756677796
130.21004436139503,592.6882526161693
108.72060965448803,592.7796174302623
125.68840988820949,592.8709701077277
131.34024834730226,592.9623106462343
158.4406110166747,593.053639043452
157.3123689081687,593.144955297049
135.86024598985114,593.2362594046953
150.54120135422156,593.3275513640596
142.6377884112726,593.418831172811
159.56877148679467,593.5100988286189
169.71854349219507,593.6013543291521
131.34024834730226,593.69259767208
126.81894130094628,593.7838288550714
141.5084024514972,593.8750478757962
127.94939084574867,593.9662547319226
160.696850327522,594.0574494211204
146.02545577211063,594.1486319410585
151.66993347887026,594.2398022894059
108.72060965448803,594.330960463832
125.68840988820949,594.4221064620058
146.02545577211063,594.5132402815965
144.8963150633232,594.6043619202729
148.28349199690388,594.6954713757049
149.4123875297522,594.7865686455608
134.73036930891976,594.8776537275103
116.6412104656942,594.9687266192223
126.81894130094628,595.0597873183659
107.5887673883252,595.1508358226106
114.3785914265627,595.241872129625
115.50994191577158,595.3328962370786
126.81894130094628,595.4239081426402
97.39849687270662,595.5149078439797
103.06057840151354,595.6058953387653
123.42710142942668,595.6968706246666
92.86735494011005,595.7878336993527
89.46813683174882,595.8787845604928
114.3785914265627,595.9697232057559
105.32483689209987,596.0606496328114
131.34024834730226,596.151563839328
123.42710142942668,596.2424658229752
115.50994191577158,596.333355581422
98.53107723746987,596.4242331123374
103.06057840151354,596.5150984133909
109.85236994129919,596.6059514822513
113.24715899124625,596.696792316588
113.24715899124625,596.78762091407
127.94939084574867,596.8784372723663
90.60129160863264,596.9692413891464
122.29632436876906,597.060033262079
132.4703704954014,597.1508128888336
94.0002635059581,597.2415802670791
107.5887673883252,597.3323353944847
84.93469685470902,597.4230782687198
107.5887673883252,597.5138088874531
100.79599186638613,597.6045272483541
79.26604952725262,597.6952333490916
79.26604952725262,597.7859271873351
80.39994322989214,597.8766087607535
83.8011316161234,597.9672780670161
78.13207369594626,598.0579351037917
71.32649373361521,598.1485798687498
84.93469685470902,598.2392123595595
73.59534898613158,598.3298325738898
69.05730983320746,598.4204405094099
62.24778589051337,598.511036163789
76.99801573103186,598.601619534696
64.51795594609297,598.6921906198003
73.59534898613158,598.7827494167709
52.027951465356196,598.8732959232769
55.43530288303712,598.9638301369878
52.027951465356196,599.0543520555722
54.299601301671245,599.1448616766995
54.299601301671245,599.235358998039
53.163817496976286,599.3258440172597
40.664767921709576,599.4163167320306
59.97728704930245,599.506777140021
44.074586601121396,599.5972252388998
32.70564502632702,599.6876610263364
57.706459390476276,599.7780845000001
42.93806263212181,599.8684956575595
38.39114416192727,599.9588944966841
37.25420888145202,600.0492810150431
53.163817496976286,600.1396552103054
30.430869423234235,600.2300170801403
41.80145640664128,600.320366622217
50.892003203277056,600.4107038342045
41.80145640664128,600.5010287137718
13.359559839944863,600.5913412585884
61.1125775701339,600.681641466323
19.052053925762863,600.771929334645
29.2933581943525,600.8622048612237
45.211028316673236,600.952468043728
27.018088870562146,601.0427188798271
30.430869423234235,601.1329573671901
16.77530321888682,601.2231835034863
5.386610946616017,601.3133972863844
-7.1504585560943426,601.4035987135542
21.328475410759644,601.4937877826642
29.2933581943525,601.5839644913839
-2.590371647523862,601.6741288373825
16.77530321888682,601.7642808183289
20.19030582015872,601.8544204318923
19.052053925762863,601.9445476757419
5.386610946616017,602.0346625475469
33.84290940527251,602.1247650449762
16.77530321888682,602.2148551656992
5.386610946616017,602.3049329073849
1.9683980595665644,602.3949982677025
5.386610946616017,602.485051244321
14.498223277382237,602.5750918349097
-2.590371647523862,602.6651200371376
0.828829118828863,602.7551358486741
9.94307564470198,602.8451392671881
-6.010313340059271,602.9351302903486
19.052053925762863,603.0251089158252
7.665007933248296,603.1150751412864
12.220814089541571,603.205028964402
9.94307564470198,603.2949703828408
14.498223277382237,603.384899394272
-15.13378020532773,603.4748159963647
6.52585059982364,603.564720186788
-8.290686098404034,603.6546119632112
-11.711862683717321,603.7444913233032
1.9683980595665644,603.8343582647334
0.828829118828863,603.9242127851707
-3.7302698860487657,604.0140548822844
